10 12 14 15 16 16 16 16 15 16 16 15 16 16 16 17 17 17 17 18 17 17 19 19 19 18 19 19 19 19 19 19 19 19 19 19 19 19 19 20 21 21 21 21 21 20 20 20 19 18 19 19 18 18 18 18 19 19 18 18 19 19 19 19 19 19 19 19 20 20 19 19 19 19 19 18 19 20 20 20 20 20 20 20 20 20 20 19 19 19 19 18 17 16 16 15 16 17 19 19 19 
10 12 14 15 16 16 16 16 15 16 16 15 16 16 16 17 17 17 17 18 17 17 19 19 19 18 19 19 19 19 19 19 19 19 19 19 19 19 19 20 21 21 21 21 21 20 20 20 19 18 19 19 18 18 18 18 19 19 18 18 19 19 19 19 19 19 19 19 20 20 19 19 19 19 19 18 19 20 20 20 20 20 20 20 20 20 20 19 19 19 19 18 17 16 16 15 16 17 19 19 19 
10 12 14 15 16 16 16 16 15 16 16 15 16 16 16 17 17 17 17 18 17 17 19 19 19 18 19 19 19 19 19 19 19 19 19 19 19 19 19 20 21 21 21 21 21 20 20 20 19 18 19 19 18 18 18 18 19 19 18 18 19 19 19 19 19 19 19 19 20 20 19 19 19 19 19 18 19 20 20 20 20 20 20 20 20 20 20 19 19 19 19 18 17 16 16 15 16 17 19 19 19 
10 12 14 15 16 16 16 16 15 16 16 15 16 16 16 17 17 17 17 18 17 17 19 19 19 18 19 19 19 19 19 19 19 19 19 19 19 19 19 20 21 21 21 21 21 20 20 20 19 18 19 19 18 18 18 18 19 19 18 18 19 19 19 19 19 19 19 19 20 20 19 19 19 19 19 18 19 20 20 20 20 20 20 20 20 20 20 19 19 19 19 18 17 16 16 15 16 17 19 19 19 
10 12 14 15 16 16 16 16 15 16 16 15 16 16 16 17 17 17 17 18 17 17 19 19 19 18 19 19 19 19 19 19 19 19 19 19 19 19 19 20 21 21 21 21 21 20 20 20 19 18 19 19 18 18 18 18 19 19 18 18 19 19 19 19 19 19 19 19 20 20 19 19 19 19 19 18 19 20 20 20 20 20 20 20 20 20 20 19 19 19 19 18 17 16 16 15 16 17 19 19 19 
10 12 14 15 16 16 16 16 15 16 16 15 16 16 16 17 17 17 17 18 17 17 19 19 19 18 19 19 19 19 19 19 19 19 19 19 19 19 19 20 21 21 21 21 21 20 20 20 19 18 19 19 18 18 18 18 19 19 18 18 19 19 19 19 19 19 19 19 20 20 19 19 19 19 19 18 19 20 20 20 20 20 20 20 20 20 20 19 19 19 19 18 17 16 16 15 16 17 19 19 19 
10 12 14 15 16 16 16 16 15 16 16 15 16 16 16 17 17 17 17 18 17 17 19 19 19 18 19 19 19 19 19 19 19 19 19 19 19 19 19 20 21 21 21 21 21 20 20 20 19 18 19 19 18 18 18 18 19 19 18 18 19 19 19 19 19 19 19 19 20 20 19 19 19 19 19 18 19 20 20 20 20 20 20 20 20 20 20 19 19 19 19 18 17 16 16 15 16 17 19 19 19 
10 12 14 15 16 16 16 16 15 16 16 15 16 16 16 17 17 17 17 18 17 17 19 19 19 18 19 19 19 19 19 19 19 19 19 19 19 19 19 20 21 21 21 21 21 20 20 20 19 18 19 19 18 18 18 18 19 19 18 18 19 19 19 19 19 19 19 19 20 20 19 19 19 19 19 18 19 20 20 20 20 20 20 20 20 20 20 19 19 19 19 18 17 16 16 15 16 17 19 19 19 
10 12 14 15 16 16 16 16 15 16 16 15 16 16 16 17 17 17 17 18 17 17 19 19 19 18 19 19 19 19 19 19 19 19 19 19 19 19 19 20 21 21 21 21 21 20 20 20 19 18 19 19 18 18 18 18 19 19 18 18 19 19 19 19 19 19 19 19 20 20 19 19 19 19 19 18 19 20 20 20 20 20 20 20 20 20 20 19 19 19 19 18 17 16 16 15 16 17 19 19 19 
10 12 14 15 16 16 16 16 15 16 16 15 16 16 16 17 17 17 17 18 17 17 19 19 19 18 19 19 19 19 19 19 19 19 19 19 19 19 19 20 21 21 21 21 21 20 20 20 19 18 19 19 18 18 18 18 19 19 18 18 19 19 19 19 19 19 19 19 20 20 19 19 19 19 19 18 19 20 20 20 20 20 20 20 20 20 20 19 19 19 19 18 17 16 16 15 16 17 19 19 19 
10 12 14 15 16 16 16 16 15 16 16 15 16 16 16 17 17 17 17 18 17 17 19 19 19 18 19 19 19 19 19 19 19 19 19 19 19 19 19 20 21 21 21 21 21 20 20 20 19 18 19 19 18 18 18 18 19 19 18 18 19 19 19 19 19 19 19 19 20 20 19 19 19 19 19 18 19 20 20 20 20 20 20 20 20 20 20 19 19 19 19 18 17 16 16 15 16 17 19 19 19 
10 12 14 15 16 16 16 16 15 16 16 15 16 16 16 17 17 17 17 18 17 17 19 19 19 18 19 19 19 19 19 19 19 19 19 19 19 19 19 20 21 21 21 21 21 20 20 20 19 18 19 19 18 18 18 18 19 19 18 18 19 19 19 19 19 19 19 19 20 20 19 19 19 19 19 18 19 20 20 20 20 20 20 20 20 20 20 19 19 19 19 18 17 16 16 15 16 17 19 19 19 
10 12 14 15 16 16 16 16 15 16 16 15 16 16 16 17 17 17 17 18 17 17 19 19 19 18 19 19 19 19 19 19 19 19 19 19 19 19 19 20 21 21 21 21 21 20 20 20 19 18 19 19 18 18 18 18 19 19 18 18 19 19 19 19 19 19 19 19 20 20 19 19 19 19 19 18 19 20 20 20 20 20 20 20 20 20 20 19 19 19 19 18 17 16 16 15 16 17 19 19 19 
10 12 14 15 16 16 16 16 15 16 16 15 16 16 16 17 17 17 17 18 17 17 19 19 19 18 19 19 19 19 19 19 19 19 19 19 19 19 19 20 21 21 21 21 21 20 20 20 19 18 19 19 18 18 18 18 19 19 18 18 19 19 19 19 19 19 19 19 20 20 19 19 19 19 19 18 19 20 20 20 20 20 20 20 20 20 20 19 19 19 19 18 17 16 16 15 16 17 19 19 19 
10 12 14 15 16 16 16 16 15 16 16 15 16 16 16 17 17 17 17 18 17 17 19 19 19 18 19 19 19 19 19 19 19 19 19 19 19 19 19 20 21 21 21 21 21 20 20 20 19 18 19 19 18 18 18 18 19 19 18 18 19 19 19 19 19 19 19 19 20 20 19 19 19 19 19 18 19 20 20 20 20 20 20 20 20 20 20 19 19 19 19 18 17 16 16 15 16 17 19 19 19 
10 12 14 15 16 16 16 16 15 16 16 15 16 16 16 17 17 17 17 18 17 17 19 19 19 18 19 19 19 19 19 19 19 19 19 19 19 19 19 20 21 21 21 21 21 20 20 20 19 18 19 19 18 18 18 18 19 19 18 18 19 19 19 19 19 19 19 19 20 20 19 19 19 19 19 18 19 20 20 20 20 20 20 20 20 20 20 19 19 19 19 18 17 16 16 15 16 17 19 19 19 
10 12 14 15 16 16 16 16 15 16 16 15 16 16 16 17 17 17 17 18 17 17 19 19 19 18 19 19 19 19 19 19 19 19 19 19 19 19 19 20 21 21 21 21 21 20 20 20 19 18 19 19 18 18 18 18 19 19 18 18 19 19 19 19 19 19 19 19 20 20 19 19 19 19 19 18 19 20 20 20 20 20 20 20 20 20 20 19 19 19 19 18 17 16 16 15 16 17 19 19 19 
10 12 14 15 16 16 16 16 15 16 16 15 16 16 16 17 17 17 17 18 17 17 19 19 19 18 19 19 19 19 19 19 19 19 19 19 19 19 19 20 21 21 21 21 21 20 20 20 19 18 19 19 18 18 18 18 19 19 18 18 19 19 19 19 19 19 19 19 20 20 19 19 19 19 19 18 19 20 20 20 20 20 20 20 20 20 20 19 19 19 19 18 17 16 16 15 16 17 19 19 19 
10 12 14 15 16 16 16 16 15 16 16 15 16 16 16 17 17 17 17 18 17 17 19 19 19 18 19 19 19 19 19 19 19 19 19 19 19 19 19 20 21 21 21 21 21 20 20 20 19 18 19 19 18 18 18 18 19 19 18 18 19 19 19 19 19 19 19 19 20 20 19 19 19 19 19 18 19 20 20 20 20 20 20 20 20 20 20 19 19 19 19 18 17 16 16 15 16 17 19 19 19 
10 12 14 15 16 16 16 16 15 16 16 15 16 16 16 17 17 17 17 18 17 17 19 19 19 18 19 19 19 19 19 19 19 19 19 19 19 19 19 20 21 21 21 21 21 20 20 20 19 18 19 19 18 18 18 18 19 19 18 18 19 19 19 19 19 19 19 19 20 20 19 19 19 19 19 18 19 20 20 20 20 20 20 20 20 20 20 19 19 19 19 18 17 16 16 15 16 17 19 19 19 
10 12 14 15 16 16 16 16 15 16 16 15 16 16 16 17 17 17 17 18 17 17 19 19 19 18 19 19 19 19 19 19 19 19 19 19 19 19 19 20 21 21 21 21 21 20 20 20 19 18 19 19 18 18 18 18 19 19 18 18 19 19 19 19 19 19 19 19 20 20 19 19 19 19 19 18 19 20 20 20 20 20 20 20 20 20 20 19 19 19 19 18 17 16 16 15 16 17 19 19 19 
10 12 14 15 16 16 16 16 15 16 16 15 16 16 16 17 17 17 17 18 17 17 19 19 19 18 19 19 19 19 19 19 19 19 19 19 19 19 19 20 21 21 21 21 21 20 20 20 19 18 19 19 18 18 18 18 19 19 18 18 19 19 19 19 19 19 19 19 20 20 19 19 19 19 19 18 19 20 20 20 20 20 20 20 20 20 20 19 19 19 19 18 17 16 16 15 16 17 19 19 19 
10 12 14 15 16 16 16 16 15 16 16 15 16 16 16 17 17 17 17 18 17 17 19 19 19 18 19 19 19 19 19 19 19 19 19 19 19 19 19 20 21 21 21 21 21 20 20 20 19 18 19 19 18 18 18 18 19 19 18 18 19 19 19 19 19 19 19 19 20 20 19 19 19 19 19 18 19 20 20 20 20 20 20 20 20 20 20 19 19 19 19 18 17 16 16 15 16 17 19 19 19 
10 12 14 15 16 16 16 16 15 16 16 15 16 16 16 17 17 17 17 18 17 17 19 19 19 18 19 19 19 19 19 19 19 19 19 19 19 19 19 20 21 21 21 21 21 20 20 20 19 18 19 19 18 18 18 18 19 19 18 18 19 19 19 19 19 19 19 19 20 20 19 19 19 19 19 18 19 20 20 20 20 20 20 20 20 20 20 19 19 19 19 18 17 16 16 15 16 17 19 19 19 
10 12 14 15 16 16 16 16 15 16 16 15 16 16 16 17 17 17 17 18 17 17 19 19 19 18 19 19 19 19 19 19 19 19 19 19 19 19 19 20 21 21 21 21 21 20 20 20 19 18 19 19 18 18 18 18 19 19 18 18 19 19 19 19 19 19 19 19 20 20 19 19 19 19 19 18 19 20 20 20 20 20 20 20 20 20 20 19 19 19 19 18 17 16 16 15 16 17 19 19 19 
10 12 14 15 16 16 16 16 15 16 16 15 16 16 16 17 17 17 17 18 17 17 19 19 19 18 19 19 19 19 19 19 19 19 19 19 19 19 19 20 21 21 21 21 21 20 20 20 19 18 19 19 18 18 18 18 19 19 18 18 19 19 19 19 19 19 19 19 20 20 19 19 19 19 19 18 19 20 20 20 20 20 20 20 20 20 20 19 19 19 19 18 17 16 16 15 16 17 19 19 19 
10 12 14 15 16 16 16 16 15 16 16 15 16 16 16 17 17 17 17 18 17 17 19 19 19 18 19 19 19 19 19 19 19 19 19 19 19 19 19 20 21 21 21 21 21 20 20 20 19 18 19 19 18 18 18 18 19 19 18 18 19 19 19 19 19 19 19 19 20 20 19 19 19 19 19 18 19 20 20 20 20 20 20 20 20 20 20 19 19 19 19 18 17 16 16 15 16 17 19 19 19 
10 12 14 15 16 16 16 16 15 16 16 15 16 16 16 17 17 17 17 18 17 17 19 19 19 18 19 19 19 19 19 19 19 19 19 19 19 19 19 20 21 21 21 21 21 20 20 20 19 18 19 19 18 18 18 18 19 19 18 18 19 19 19 19 19 19 19 19 20 20 19 19 19 19 19 18 19 20 20 20 20 20 20 20 20 20 20 19 19 19 19 18 17 16 16 15 16 17 19 19 19 
10 12 14 15 16 16 16 16 15 16 16 15 16 16 16 17 17 17 17 18 17 17 19 19 19 18 19 19 19 19 19 19 19 19 19 19 19 19 19 20 21 21 21 21 21 20 20 20 19 18 19 19 18 18 18 18 19 19 18 18 19 19 19 19 19 19 19 19 20 20 19 19 19 19 19 18 19 20 20 20 20 20 20 20 20 20 20 19 19 19 19 18 17 16 16 15 16 17 19 19 19 
10 12 14 15 16 16 16 16 15 16 16 15 16 16 16 17 17 17 17 18 17 17 19 19 19 18 19 19 19 19 19 19 19 19 19 19 19 19 19 20 21 21 21 21 21 20 20 20 19 18 19 19 18 18 18 18 19 19 18 18 19 19 19 19 19 19 19 19 20 20 19 19 19 19 19 18 19 20 20 20 20 20 20 20 20 20 20 19 19 19 19 18 17 16 16 15 16 17 19 19 19 
10 12 14 15 16 16 16 16 15 16 16 15 16 16 16 17 17 17 17 18 17 17 19 19 19 18 19 19 19 19 19 19 19 19 19 19 19 19 19 20 21 21 21 21 21 20 20 20 19 18 19 19 18 18 18 18 19 19 18 18 19 19 19 19 19 19 19 19 20 20 19 19 19 19 19 18 19 20 20 20 20 20 20 20 20 20 20 19 19 19 19 18 17 16 16 15 16 17 19 19 19 
10 12 14 15 16 16 16 16 15 16 16 15 16 16 16 17 17 17 17 18 17 17 19 19 19 18 19 19 19 19 19 19 19 19 19 19 19 19 19 20 21 21 21 21 21 20 20 20 19 18 19 19 18 18 18 18 19 19 18 18 19 19 19 19 19 19 19 19 20 20 19 19 19 19 19 18 19 20 20 20 20 20 20 20 20 20 20 19 19 19 19 18 17 16 16 15 16 17 19 19 19 
10 12 14 15 16 16 16 16 15 16 16 15 16 16 16 17 17 17 17 18 17 17 19 19 19 18 19 19 19 19 19 19 19 19 19 19 19 19 19 20 21 21 21 21 21 20 20 20 19 18 19 19 18 18 18 18 19 19 18 18 19 19 19 19 19 19 19 19 20 20 19 19 19 19 19 18 19 20 20 20 20 20 20 20 20 20 20 19 19 19 19 18 17 16 16 15 16 17 19 19 19 
10 12 14 15 16 16 16 16 15 16 16 15 16 16 16 17 17 17 17 18 17 17 19 19 19 18 19 19 19 19 19 19 19 19 19 19 19 19 19 20 21 21 21 21 21 20 20 20 19 18 19 19 18 18 18 18 19 19 18 18 19 19 19 19 19 19 19 19 20 20 19 19 19 19 19 18 19 20 20 20 20 20 20 20 20 20 20 19 19 19 19 18 17 16 16 15 16 17 19 19 19 
10 12 14 15 16 16 16 16 15 16 16 15 16 16 16 17 17 17 17 18 17 17 19 19 19 18 19 19 19 19 19 19 19 19 19 19 19 19 19 20 21 21 21 21 21 20 20 20 19 18 19 19 18 18 18 18 19 19 18 18 19 19 19 19 19 19 19 19 20 20 19 19 19 19 19 18 19 20 20 20 20 20 20 20 20 20 20 19 19 19 19 18 17 16 16 15 16 17 19 19 19 
10 12 14 15 16 16 16 16 15 16 16 15 16 16 16 17 17 17 17 18 17 17 19 19 19 18 19 19 19 19 19 19 19 19 19 19 19 19 19 20 21 21 21 21 21 20 20 20 19 18 19 19 18 18 18 18 19 19 18 18 19 19 19 19 19 19 19 19 20 20 19 19 19 19 19 18 19 20 20 20 20 20 20 20 20 20 20 19 19 19 19 18 17 16 16 15 16 17 19 19 19 
10 12 14 15 16 16 16 16 15 16 16 15 16 16 16 17 17 17 17 18 17 17 19 19 19 18 19 19 19 19 19 19 19 19 19 19 19 19 19 20 21 21 21 21 21 20 20 20 19 18 19 19 18 18 18 18 19 19 18 18 19 19 19 19 19 19 19 19 20 20 19 19 19 19 19 18 19 20 20 20 20 20 20 20 20 20 20 19 19 19 19 18 17 16 16 15 16 17 19 19 19 
10 12 14 15 16 16 16 16 15 16 16 15 16 16 16 17 17 17 17 18 17 17 19 19 19 18 19 19 19 19 19 19 19 19 19 19 19 19 19 20 21 21 21 21 21 20 20 20 19 18 19 19 18 18 18 18 19 19 18 18 19 19 19 19 19 19 19 19 20 20 19 19 19 19 19 18 19 20 20 20 20 20 20 20 20 20 20 19 19 19 19 18 17 16 16 15 16 17 19 19 19 
10 12 14 15 16 16 16 16 15 16 16 15 16 16 16 17 17 17 17 18 17 17 19 19 19 18 19 19 19 19 19 19 19 19 19 19 19 19 19 20 21 21 21 21 21 20 20 20 19 18 19 19 18 18 18 18 19 19 18 18 19 19 19 19 19 19 19 19 20 20 19 19 19 19 19 18 19 20 20 20 20 20 20 20 20 20 20 19 19 19 19 18 17 16 16 15 16 17 19 19 19 
10 12 14 15 16 16 16 16 15 16 16 15 16 16 16 17 17 17 17 18 17 17 19 19 19 18 19 19 19 19 19 19 19 19 19 19 19 19 19 20 21 21 21 21 21 20 20 20 19 18 19 19 18 18 18 18 19 19 18 18 19 19 19 19 19 19 19 19 20 20 19 19 19 19 19 18 19 20 20 20 20 20 20 20 20 20 20 19 19 19 19 18 17 16 16 15 16 17 19 19 19 
10 12 14 15 16 16 16 16 15 16 16 15 16 16 16 17 17 17 17 18 17 17 19 19 19 18 19 19 19 19 19 19 19 19 19 19 19 19 19 20 21 21 21 21 21 20 20 20 19 18 19 19 18 18 18 18 19 19 18 18 19 19 19 19 19 19 19 19 20 20 19 19 19 19 19 18 19 20 20 20 20 20 20 20 20 20 20 19 19 19 19 18 17 16 16 15 16 17 19 19 19 
10 12 14 15 16 16 16 16 15 16 16 15 16 16 16 17 17 17 17 18 17 17 19 19 19 18 19 19 19 19 19 19 19 19 19 19 19 19 19 20 21 21 21 21 21 20 20 20 19 18 19 19 18 18 18 18 19 19 18 18 19 19 19 19 19 19 19 19 20 20 19 19 19 19 19 18 19 20 20 20 20 20 20 20 20 20 20 19 19 19 19 18 17 16 16 15 16 17 19 19 19 
10 12 14 15 16 16 16 16 15 16 16 15 16 16 16 17 17 17 17 18 17 17 19 19 19 18 19 19 19 19 19 19 19 19 19 19 19 19 19 20 21 21 21 21 21 20 20 20 19 18 19 19 18 18 18 18 19 19 18 18 19 19 19 19 19 19 19 19 20 20 19 19 19 19 19 18 19 20 20 20 20 20 20 20 20 20 20 19 19 19 19 18 17 16 16 15 16 17 19 19 19 
10 12 14 15 16 16 16 16 15 16 16 15 16 16 16 17 17 17 17 18 17 17 19 19 19 18 19 19 19 19 19 19 19 19 19 19 19 19 19 20 21 21 21 21 21 20 20 20 19 18 19 19 18 18 18 18 19 19 18 18 19 19 19 19 19 19 19 19 20 20 19 19 19 19 19 18 19 20 20 20 20 20 20 20 20 20 20 19 19 19 19 18 17 16 16 15 16 17 19 19 19 
10 12 14 15 16 16 16 16 15 16 16 15 16 16 16 17 17 17 17 18 17 17 19 19 19 18 19 19 19 19 19 19 19 19 19 19 19 19 19 20 21 21 21 21 21 20 20 20 19 18 19 19 18 18 18 18 19 19 18 18 19 19 19 19 19 19 19 19 20 20 19 19 19 19 19 18 19 20 20 20 20 20 20 20 20 20 20 19 19 19 19 18 17 16 16 15 16 17 19 19 19 
10 12 14 15 16 16 16 16 15 16 16 15 16 16 16 17 17 17 17 18 17 17 19 19 19 18 19 19 19 19 19 19 19 19 19 19 19 19 19 20 21 21 21 21 21 20 20 20 19 18 19 19 18 18 18 18 19 19 18 18 19 19 19 19 19 19 19 19 20 20 19 19 19 19 19 18 19 20 20 20 20 20 20 20 20 20 20 19 19 19 19 18 17 16 16 15 16 17 19 19 19 
10 12 14 15 16 16 16 16 15 16 16 15 16 16 16 17 17 17 17 18 17 17 19 19 19 18 19 19 19 19 19 19 19 19 19 19 19 19 19 20 21 21 21 21 21 20 20 20 19 18 19 19 18 18 18 18 19 19 18 18 19 19 19 19 19 19 19 19 20 20 19 19 19 19 19 18 19 20 20 20 20 20 20 20 20 20 20 19 19 19 19 18 17 16 16 15 16 17 19 19 19 
10 12 14 15 16 16 16 16 15 16 16 15 16 16 16 17 17 17 17 18 17 17 19 19 19 18 19 19 19 19 19 19 19 19 19 19 19 19 19 20 21 21 21 21 21 20 20 20 19 18 19 19 18 18 18 18 19 19 18 18 19 19 19 19 19 19 19 19 20 20 19 19 19 19 19 18 19 20 20 20 20 20 20 20 20 20 20 19 19 19 19 18 17 16 16 15 16 17 19 19 19 
10 12 14 15 16 16 16 16 15 16 16 15 16 16 16 17 17 17 17 18 17 17 19 19 19 18 19 19 19 19 19 19 19 19 19 19 19 19 19 20 21 21 21 21 21 20 20 20 19 18 19 19 18 18 18 18 19 19 18 18 19 19 19 19 19 19 19 19 20 20 19 19 19 19 19 18 19 20 20 20 20 20 20 20 20 20 20 19 19 19 19 18 17 16 16 15 16 17 19 19 19 
10 12 14 15 16 16 16 16 15 16 16 15 16 16 16 17 17 17 17 18 17 17 19 19 19 18 19 19 19 19 19 19 19 19 19 19 19 19 19 20 21 21 21 21 21 20 20 20 19 18 19 19 18 18 18 18 19 19 18 18 19 19 19 19 19 19 19 19 20 20 19 19 19 19 19 18 19 20 20 20 20 20 20 20 20 20 20 19 19 19 19 18 17 16 16 15 16 17 19 19 19 
10 12 14 15 16 16 16 16 15 16 16 15 16 16 16 17 17 17 17 18 17 17 19 19 19 18 19 19 19 19 19 19 19 19 19 19 19 19 19 20 21 21 21 21 21 20 20 20 19 18 19 19 18 18 18 18 19 19 18 18 19 19 19 19 19 19 19 19 20 20 19 19 19 19 19 18 19 20 20 20 20 20 20 20 20 20 20 19 19 19 19 18 17 16 16 15 16 17 19 19 19 
10 12 14 15 16 16 16 16 15 16 16 15 16 16 16 17 17 17 17 18 17 17 19 19 19 18 19 19 19 19 19 19 19 19 19 19 19 19 19 20 21 21 21 21 21 20 20 20 19 18 19 19 18 18 18 18 19 19 18 18 19 19 19 19 19 19 19 19 20 20 19 19 19 19 19 18 19 20 20 20 20 20 20 20 20 20 20 19 19 19 19 18 17 16 16 15 16 17 19 19 19 
10 12 14 15 16 16 16 16 15 16 16 15 16 16 16 17 17 17 17 18 17 17 19 19 19 18 19 19 19 19 19 19 19 19 19 19 19 19 19 20 21 21 21 21 21 20 20 20 19 18 19 19 18 18 18 18 19 19 18 18 19 19 19 19 19 19 19 19 20 20 19 19 19 19 19 18 19 20 20 20 20 20 20 20 20 20 20 19 19 19 19 18 17 16 16 15 16 17 19 19 19 
10 12 14 15 16 16 16 16 15 16 16 15 16 16 16 17 17 17 17 18 17 17 19 19 19 18 19 19 19 19 19 19 19 19 19 19 19 19 19 20 21 21 21 21 21 20 20 20 19 18 19 19 18 18 18 18 19 19 18 18 19 19 19 19 19 19 19 19 20 20 19 19 19 19 19 18 19 20 20 20 20 20 20 20 20 20 20 19 19 19 19 18 17 16 16 15 16 17 19 19 19 
10 12 14 15 16 16 16 16 15 16 16 15 16 16 16 17 17 17 17 18 17 17 19 19 19 18 19 19 19 19 19 19 19 19 19 19 19 19 19 20 21 21 21 21 21 20 20 20 19 18 19 19 18 18 18 18 19 19 18 18 19 19 19 19 19 19 19 19 20 20 19 19 19 19 19 18 19 20 20 20 20 20 20 20 20 20 20 19 19 19 19 18 17 16 16 15 16 17 19 19 19 
10 12 14 15 16 16 16 16 15 16 16 15 16 16 16 17 17 17 17 18 17 17 19 19 19 18 19 19 19 19 19 19 19 19 19 19 19 19 19 20 21 21 21 21 21 20 20 20 19 18 19 19 18 18 18 18 19 19 18 18 19 19 19 19 19 19 19 19 20 20 19 19 19 19 19 18 19 20 20 20 20 20 20 20 20 20 20 19 19 19 19 18 17 16 16 15 16 17 19 19 19 
10 12 14 15 16 16 16 16 15 16 16 15 16 16 16 17 17 17 17 18 17 17 19 19 19 18 19 19 19 19 19 19 19 19 19 19 19 19 19 20 21 21 21 21 21 20 20 20 19 18 19 19 18 18 18 18 19 19 18 18 19 19 19 19 19 19 19 19 20 20 19 19 19 19 19 18 19 20 20 20 20 20 20 20 20 20 20 19 19 19 19 18 17 16 16 15 16 17 19 19 19 
10 12 14 15 16 16 16 16 15 16 16 15 16 16 16 17 17 17 17 18 17 17 19 19 19 18 19 19 19 19 19 19 19 19 19 19 19 19 19 20 21 21 21 21 21 20 20 20 19 18 19 19 18 18 18 18 19 19 18 18 19 19 19 19 19 19 19 19 20 20 19 19 19 19 19 18 19 20 20 20 20 20 20 20 20 20 20 19 19 19 19 18 17 16 16 15 16 17 19 19 19 
10 12 14 15 16 16 16 16 15 16 16 15 16 16 16 17 17 17 17 18 17 17 19 19 19 18 19 19 19 19 19 19 19 19 19 19 19 19 19 20 21 21 21 21 21 20 20 20 19 18 19 19 18 18 18 18 19 19 18 18 19 19 19 19 19 19 19 19 20 20 19 19 19 19 19 18 19 20 20 20 20 20 20 20 20 20 20 19 19 19 19 18 17 16 16 15 16 17 19 19 19 
10 12 14 15 16 16 16 16 15 16 16 15 16 16 16 17 17 17 17 18 17 17 19 19 19 18 19 19 19 19 19 19 19 19 19 19 19 19 19 20 21 21 21 21 21 20 20 20 19 18 19 19 18 18 18 18 19 19 18 18 19 19 19 19 19 19 19 19 20 20 19 19 19 19 19 18 19 20 20 20 20 20 20 20 20 20 20 19 19 19 19 18 17 16 16 15 16 17 19 19 19 
10 12 14 15 16 16 16 16 15 16 16 15 16 16 16 17 17 17 17 18 17 17 19 19 19 18 19 19 19 19 19 19 19 19 19 19 19 19 19 20 21 21 21 21 21 20 20 20 19 18 19 19 18 18 18 18 19 19 18 18 19 19 19 19 19 19 19 19 20 20 19 19 19 19 19 18 19 20 20 20 20 20 20 20 20 20 20 19 19 19 19 18 17 16 16 15 16 17 19 19 19 
10 12 14 15 16 16 16 16 15 16 16 15 16 16 16 17 17 17 17 18 17 17 19 19 19 18 19 19 19 19 19 19 19 19 19 19 19 19 19 20 21 21 21 21 21 20 20 20 19 18 19 19 18 18 18 18 19 19 18 18 19 19 19 19 19 19 19 19 20 20 19 19 19 19 19 18 19 20 20 20 20 20 20 20 20 20 20 19 19 19 19 18 17 16 16 15 16 17 19 19 19 
10 12 14 15 16 16 16 16 15 16 16 15 16 16 16 17 17 17 17 18 17 17 19 19 19 18 19 19 19 19 19 19 19 19 19 19 19 19 19 20 21 21 21 21 21 20 20 20 19 18 19 19 18 18 18 18 19 19 18 18 19 19 19 19 19 19 19 19 20 20 19 19 19 19 19 18 19 20 20 20 20 20 20 20 20 20 20 19 19 19 19 18 17 16 16 15 16 17 19 19 19 
10 12 14 15 16 16 16 16 15 16 16 15 16 16 16 17 17 17 17 18 17 17 19 19 19 18 19 19 19 19 19 19 19 19 19 19 19 19 19 20 21 21 21 21 21 20 20 20 19 18 19 19 18 18 18 18 19 19 18 18 19 19 19 19 19 19 19 19 20 20 19 19 19 19 19 18 19 20 20 20 20 20 20 20 20 20 20 19 19 19 19 18 17 16 16 15 16 17 19 19 19 
10 12 14 15 16 16 16 16 15 16 16 15 16 16 16 17 17 17 17 18 17 17 19 19 19 18 19 19 19 19 19 19 19 19 19 19 19 19 19 20 21 21 21 21 21 20 20 20 19 18 19 19 18 18 18 18 19 19 18 18 19 19 19 19 19 19 19 19 20 20 19 19 19 19 19 18 19 20 20 20 20 20 20 20 20 20 20 19 19 19 19 18 17 16 16 15 16 17 19 19 19 
10 12 14 15 16 16 16 16 15 16 16 15 16 16 16 17 17 17 17 18 17 17 19 19 19 18 19 19 19 19 19 19 19 19 19 19 19 19 19 20 21 21 21 21 21 20 20 20 19 18 19 19 18 18 18 18 19 19 18 18 19 19 19 19 19 19 19 19 20 20 19 19 19 19 19 18 19 20 20 20 20 20 20 20 20 20 20 19 19 19 19 18 17 16 16 15 16 17 19 19 19 
10 12 14 15 16 16 16 16 15 16 16 15 16 16 16 17 17 17 17 18 17 17 19 19 19 18 19 19 19 19 19 19 19 19 19 19 19 19 19 20 21 21 21 21 21 20 20 20 19 18 19 19 18 18 18 18 19 19 18 18 19 19 19 19 19 19 19 19 20 20 19 19 19 19 19 18 19 20 20 20 20 20 20 20 20 20 20 19 19 19 19 18 17 16 16 15 16 17 19 19 19 
10 12 14 15 16 16 16 16 15 16 16 15 16 16 16 17 17 17 17 18 17 17 19 19 19 18 19 19 19 19 19 19 19 19 19 19 19 19 19 20 21 21 21 21 21 20 20 20 19 18 19 19 18 18 18 18 19 19 18 18 19 19 19 19 19 19 19 19 20 20 19 19 19 19 19 18 19 20 20 20 20 20 20 20 20 20 20 19 19 19 19 18 17 16 16 15 16 17 19 19 19 
10 12 14 15 16 16 16 16 15 16 16 15 16 16 16 17 17 17 17 18 17 17 19 19 19 18 19 19 19 19 19 19 19 19 19 19 19 19 19 20 21 21 21 21 21 20 20 20 19 18 19 19 18 18 18 18 19 19 18 18 19 19 19 19 19 19 19 19 20 20 19 19 19 19 19 18 19 20 20 20 20 20 20 20 20 20 20 19 19 19 19 18 17 16 16 15 16 17 19 19 19 
10 12 14 15 16 16 16 16 15 16 16 15 16 16 16 17 17 17 17 18 17 17 19 19 19 18 19 19 19 19 19 19 19 19 19 19 19 19 19 20 21 21 21 21 21 20 20 20 19 18 19 19 18 18 18 18 19 19 18 18 19 19 19 19 19 19 19 19 20 20 19 19 19 19 19 18 19 20 20 20 20 20 20 20 20 20 20 19 19 19 19 18 17 16 16 15 16 17 19 19 19 
10 12 14 15 16 16 16 16 15 16 16 15 16 16 16 17 17 17 17 18 17 17 19 19 19 18 19 19 19 19 19 19 19 19 19 19 19 19 19 20 21 21 21 21 21 20 20 20 19 18 19 19 18 18 18 18 19 19 18 18 19 19 19 19 19 19 19 19 20 20 19 19 19 19 19 18 19 20 20 20 20 20 20 20 20 20 20 19 19 19 19 18 17 16 16 15 16 17 19 19 19 
10 12 14 15 16 16 16 16 15 16 16 15 16 16 16 17 17 17 17 18 17 17 19 19 19 18 19 19 19 19 19 19 19 19 19 19 19 19 19 20 21 21 21 21 21 20 20 20 19 18 19 19 18 18 18 18 19 19 18 18 19 19 19 19 19 19 19 19 20 20 19 19 19 19 19 18 19 20 20 20 20 20 20 20 20 20 20 19 19 19 19 18 17 16 16 15 16 17 19 19 19 
10 12 14 15 16 16 16 16 15 16 16 15 16 16 16 17 17 17 17 18 17 17 19 19 19 18 19 19 19 19 19 19 19 19 19 19 19 19 19 20 21 21 21 21 21 20 20 20 19 18 19 19 18 18 18 18 19 19 18 18 19 19 19 19 19 19 19 19 20 20 19 19 19 19 19 18 19 20 20 20 20 20 20 20 20 20 20 19 19 19 19 18 17 16 16 15 16 17 19 19 19 
10 12 14 15 16 16 16 16 15 16 16 15 16 16 16 17 17 17 17 18 17 17 19 19 19 18 19 19 19 19 19 19 19 19 19 19 19 19 19 20 21 21 21 21 21 20 20 20 19 18 19 19 18 18 18 18 19 19 18 18 19 19 19 19 19 19 19 19 20 20 19 19 19 19 19 18 19 20 20 20 20 20 20 20 20 20 20 19 19 19 19 18 17 16 16 15 16 17 19 19 19 
10 12 14 15 16 16 16 16 15 16 16 15 16 16 16 17 17 17 17 18 17 17 19 19 19 18 19 19 19 19 19 19 19 19 19 19 19 19 19 20 21 21 21 21 21 20 20 20 19 18 19 19 18 18 18 18 19 19 18 18 19 19 19 19 19 19 19 19 20 20 19 19 19 19 19 18 19 20 20 20 20 20 20 20 20 20 20 19 19 19 19 18 17 16 16 15 16 17 19 19 19 
10 12 14 15 16 16 16 16 15 16 16 15 16 16 16 17 17 17 17 18 17 17 19 19 19 18 19 19 19 19 19 19 19 19 19 19 19 19 19 20 21 21 21 21 21 20 20 20 19 18 19 19 18 18 18 18 19 19 18 18 19 19 19 19 19 19 19 19 20 20 19 19 19 19 19 18 19 20 20 20 20 20 20 20 20 20 20 19 19 19 19 18 17 16 16 15 16 17 19 19 19 
10 12 14 15 16 16 16 16 15 16 16 15 16 16 16 17 17 17 17 18 17 17 19 19 19 18 19 19 19 19 19 19 19 19 19 19 19 19 19 20 21 21 21 21 21 20 20 20 19 18 19 19 18 18 18 18 19 19 18 18 19 19 19 19 19 19 19 19 20 20 19 19 19 19 19 18 19 20 20 20 20 20 20 20 20 20 20 19 19 19 19 18 17 16 16 15 16 17 19 19 19 
10 12 14 15 16 16 16 16 15 16 16 15 16 16 16 17 17 17 17 18 17 17 19 19 19 18 19 19 19 19 19 19 19 19 19 19 19 19 19 20 21 21 21 21 21 20 20 20 19 18 19 19 18 18 18 18 19 19 18 18 19 19 19 19 19 19 19 19 20 20 19 19 19 19 19 18 19 20 20 20 20 20 20 20 20 20 20 19 19 19 19 18 17 16 16 15 16 17 19 19 19 
10 12 14 15 16 16 16 16 15 16 16 15 16 16 16 17 17 17 17 18 17 17 19 19 19 18 19 19 19 19 19 19 19 19 19 19 19 19 19 20 21 21 21 21 21 20 20 20 19 18 19 19 18 18 18 18 19 19 18 18 19 19 19 19 19 19 19 19 20 20 19 19 19 19 19 18 19 20 20 20 20 20 20 20 20 20 20 19 19 19 19 18 17 16 16 15 16 17 19 19 19 
10 12 14 15 16 16 16 16 15 16 16 15 16 16 16 17 17 17 17 18 17 17 19 19 19 18 19 19 19 19 19 19 19 19 19 19 19 19 19 20 21 21 21 21 21 20 20 20 19 18 19 19 18 18 18 18 19 19 18 18 19 19 19 19 19 19 19 19 20 20 19 19 19 19 19 18 19 20 20 20 20 20 20 20 20 20 20 19 19 19 19 18 17 16 16 15 16 17 19 19 19 
10 12 14 15 16 16 16 16 15 16 16 15 16 16 16 17 17 17 17 18 17 17 19 19 19 18 19 19 19 19 19 19 19 19 19 19 19 19 19 20 21 21 21 21 21 20 20 20 19 18 19 19 18 18 18 18 19 19 18 18 19 19 19 19 19 19 19 19 20 20 19 19 19 19 19 18 19 20 20 20 20 20 20 20 20 20 20 19 19 19 19 18 17 16 16 15 16 17 19 19 19 
10 12 14 15 16 16 16 16 15 16 16 15 16 16 16 17 17 17 17 18 17 17 19 19 19 18 19 19 19 19 19 19 19 19 19 19 19 19 19 20 21 21 21 21 21 20 20 20 19 18 19 19 18 18 18 18 19 19 18 18 19 19 19 19 19 19 19 19 20 20 19 19 19 19 19 18 19 20 20 20 20 20 20 20 20 20 20 19 19 19 19 18 17 16 16 15 16 17 19 19 19 
10 12 14 15 16 16 16 16 15 16 16 15 16 16 16 17 17 17 17 18 17 17 19 19 19 18 19 19 19 19 19 19 19 19 19 19 19 19 19 20 21 21 21 21 21 20 20 20 19 18 19 19 18 18 18 18 19 19 18 18 19 19 19 19 19 19 19 19 20 20 19 19 19 19 19 18 19 20 20 20 20 20 20 20 20 20 20 19 19 19 19 18 17 16 16 15 16 17 19 19 19 
10 12 14 15 16 16 16 16 15 16 16 15 16 16 16 17 17 17 17 18 17 17 19 19 19 18 19 19 19 19 19 19 19 19 19 19 19 19 19 20 21 21 21 21 21 20 20 20 19 18 19 19 18 18 18 18 19 19 18 18 19 19 19 19 19 19 19 19 20 20 19 19 19 19 19 18 19 20 20 20 20 20 20 20 20 20 20 19 19 19 19 18 17 16 16 15 16 17 19 19 19 
10 12 14 15 16 16 16 16 15 16 16 15 16 16 16 17 17 17 17 18 17 17 19 19 19 18 19 19 19 19 19 19 19 19 19 19 19 19 19 20 21 21 21 21 21 20 20 20 19 18 19 19 18 18 18 18 19 19 18 18 19 19 19 19 19 19 19 19 20 20 19 19 19 19 19 18 19 20 20 20 20 20 20 20 20 20 20 19 19 19 19 18 17 16 16 15 16 17 19 19 19 
10 12 14 15 16 16 16 16 15 16 16 15 16 16 16 17 17 17 17 18 17 17 19 19 19 18 19 19 19 19 19 19 19 19 19 19 19 19 19 20 21 21 21 21 21 20 20 20 19 18 19 19 18 18 18 18 19 19 18 18 19 19 19 19 19 19 19 19 20 20 19 19 19 19 19 18 19 20 20 20 20 20 20 20 20 20 20 19 19 19 19 18 17 16 16 15 16 17 19 19 19 
10 12 14 15 16 16 16 16 15 16 16 15 16 16 16 17 17 17 17 18 17 17 19 19 19 18 19 19 19 19 19 19 19 19 19 19 19 19 19 20 21 21 21 21 21 20 20 20 19 18 19 19 18 18 18 18 19 19 18 18 19 19 19 19 19 19 19 19 20 20 19 19 19 19 19 18 19 20 20 20 20 20 20 20 20 20 20 19 19 19 19 18 17 16 16 15 16 17 19 19 19 
10 12 14 15 16 16 16 16 15 16 16 15 16 16 16 17 17 17 17 18 17 17 19 19 19 18 19 19 19 19 19 19 19 19 19 19 19 19 19 20 21 21 21 21 21 20 20 20 19 18 19 19 18 18 18 18 19 19 18 18 19 19 19 19 19 19 19 19 20 20 19 19 19 19 19 18 19 20 20 20 20 20 20 20 20 20 20 19 19 19 19 18 17 16 16 15 16 17 19 19 19 
10 12 14 15 16 16 16 16 15 16 16 15 16 16 16 17 17 17 17 18 17 17 19 19 19 18 19 19 19 19 19 19 19 19 19 19 19 19 19 20 21 21 21 21 21 20 20 20 19 18 19 19 18 18 18 18 19 19 18 18 19 19 19 19 19 19 19 19 20 20 19 19 19 19 19 18 19 20 20 20 20 20 20 20 20 20 20 19 19 19 19 18 17 16 16 15 16 17 19 19 19 
10 12 14 15 16 16 16 16 15 16 16 15 16 16 16 17 17 17 17 18 17 17 19 19 19 18 19 19 19 19 19 19 19 19 19 19 19 19 19 20 21 21 21 21 21 20 20 20 19 18 19 19 18 18 18 18 19 19 18 18 19 19 19 19 19 19 19 19 20 20 19 19 19 19 19 18 19 20 20 20 20 20 20 20 20 20 20 19 19 19 19 18 17 16 16 15 16 17 19 19 19 
10 12 14 15 16 16 16 16 15 16 16 15 16 16 16 17 17 17 17 18 17 17 19 19 19 18 19 19 19 19 19 19 19 19 19 19 19 19 19 20 21 21 21 21 21 20 20 20 19 18 19 19 18 18 18 18 19 19 18 18 19 19 19 19 19 19 19 19 20 20 19 19 19 19 19 18 19 20 20 20 20 20 20 20 20 20 20 19 19 19 19 18 17 16 16 15 16 17 19 19 19 
10 12 14 15 16 16 16 16 15 16 16 15 16 16 16 17 17 17 17 18 17 17 19 19 19 18 19 19 19 19 19 19 19 19 19 19 19 19 19 20 21 21 21 21 21 20 20 20 19 18 19 19 18 18 18 18 19 19 18 18 19 19 19 19 19 19 19 19 20 20 19 19 19 19 19 18 19 20 20 20 20 20 20 20 20 20 20 19 19 19 19 18 17 16 16 15 16 17 19 19 19 
10 12 14 15 16 16 16 16 15 16 16 15 16 16 16 17 17 17 17 18 17 17 19 19 19 18 19 19 19 19 19 19 19 19 19 19 19 19 19 20 21 21 21 21 21 20 20 20 19 18 19 19 18 18 18 18 19 19 18 18 19 19 19 19 19 19 19 19 20 20 19 19 19 19 19 18 19 20 20 20 20 20 20 20 20 20 20 19 19 19 19 18 17 16 16 15 16 17 19 19 19 
10 12 14 15 16 16 16 16 15 16 16 15 16 16 16 17 17 17 17 18 17 17 19 19 19 18 19 19 19 19 19 19 19 19 19 19 19 19 19 20 21 21 21 21 21 20 20 20 19 18 19 19 18 18 18 18 19 19 18 18 19 19 19 19 19 19 19 19 20 20 19 19 19 19 19 18 19 20 20 20 20 20 20 20 20 20 20 19 19 19 19 18 17 16 16 15 16 17 19 19 19 
10 12 14 15 16 16 16 16 15 16 16 15 16 16 16 17 17 17 17 18 17 17 19 19 19 18 19 19 19 19 19 19 19 19 19 19 19 19 19 20 21 21 21 21 21 20 20 20 19 18 19 19 18 18 18 18 19 19 18 18 19 19 19 19 19 19 19 19 20 20 19 19 19 19 19 18 19 20 20 20 20 20 20 20 20 20 20 19 19 19 19 18 17 16 16 15 16 17 19 19 19 
10 12 14 15 16 16 16 16 15 16 16 15 16 16 16 17 17 17 17 18 17 17 19 19 19 18 19 19 19 19 19 19 19 19 19 19 19 19 19 20 21 21 21 21 21 20 20 20 19 18 19 19 18 18 18 18 19 19 18 18 19 19 19 19 19 19 19 19 20 20 19 19 19 19 19 18 19 20 20 20 20 20 20 20 20 20 20 19 19 19 19 18 17 16 16 15 16 17 19 19 19 
10 12 14 15 16 16 16 16 15 16 16 15 16 16 16 17 17 17 17 18 17 17 19 19 19 18 19 19 19 19 19 19 19 19 19 19 19 19 19 20 21 21 21 21 21 20 20 20 19 18 19 19 18 18 18 18 19 19 18 18 19 19 19 19 19 19 19 19 20 20 19 19 19 19 19 18 19 20 20 20 20 20 20 20 20 20 20 19 19 19 19 18 17 16 16 15 16 17 19 19 19 
10 12 14 15 16 16 16 16 15 16 16 15 16 16 16 17 17 17 17 18 17 17 19 19 19 18 19 19 19 19 19 19 19 19 19 19 19 19 19 20 21 21 21 21 21 20 20 20 19 18 19 19 18 18 18 18 19 19 18 18 19 19 19 19 19 19 19 19 20 20 19 19 19 19 19 18 19 20 20 20 20 20 20 20 20 20 20 19 19 19 19 18 17 16 16 15 16 17 19 19 19 
10 12 14 15 16 16 16 16 15 16 16 15 16 16 16 17 17 17 17 18 17 17 19 19 19 18 19 19 19 19 19 19 19 19 19 19 19 19 19 20 21 21 21 21 21 20 20 20 19 18 19 19 18 18 18 18 19 19 18 18 19 19 19 19 19 19 19 19 20 20 19 19 19 19 19 18 19 20 20 20 20 20 20 20 20 20 20 19 19 19 19 18 17 16 16 15 16 17 19 19 19 
10 12 14 15 16 16 16 16 15 16 16 15 16 16 16 17 17 17 17 18 17 17 19 19 19 18 19 19 19 19 19 19 19 19 19 19 19 19 19 20 21 21 21 21 21 20 20 20 19 18 19 19 18 18 18 18 19 19 18 18 19 19 19 19 19 19 19 19 20 20 19 19 19 19 19 18 19 20 20 20 20 20 20 20 20 20 20 19 19 19 19 18 17 16 16 15 16 17 19 19 19 
10 12 14 14 14 14 13 14 14 15 15 15 14 13 12 12 13 14 14 16 16 16 16 17 16 16 16 15 15 14 15 15 15 15 15 16 16 16 15 14 14 14 14 13 13 13 14 13 14 14 14 14 14 15 15 15 15 15 15 15 15 15 15 14 15 15 15 15 15 15 14 14 14 16 16 15 15 15 15 14 15 15 15 15 16 16 17 17 16 17 17 17 17 15 17 18 18 16 15 15 15 
10 11 10 12 14 14 14 14 15 14 14 14 15 17 17 17 15 14 14 15 16 16 16 16 15 15 15 15 16 16 16 16 16 15 17 17 18 18 18 18 18 18 18 17 17 17 17 17 17 17 16 16 15 15 14 14 15 15 15 16 16 16 16 16 16 16 17 17 16 16 14 16 16 16 16 16 16 16 16 14 15 17 17 17 17 17 17 17 16 16 17 17 17 18 18 18 18 19 19 19 19 
10 12 12 14 14 15 14 16 15 15 14 16 16 15 14 14 15 15 15 15 13 13 14 14 14 15 16 16 17 16 16 16 16 16 17 17 18 17 17 17 17 17 15 16 17 16 18 17 16 16 17 17 18 19 19 19 18 18 18 18 17 17 17 18 17 20 20 20 21 21 21 21 21 21 20 20 20 20 20 20 20 20 21 21 21 21 21 21 21 21 21 21 21 21 21 20 20 20 20 20 19 
10 11 11 12 14 14 14 15 15 17 17 17 17 16 18 18 17 17 17 19 20 20 20 20 20 20 20 20 20 20 20 20 19 17 18 17 18 18 18 19 19 20 20 20 19 19 19 19 18 18 19 19 19 20 20 20 20 20 19 18 18 18 18 18 18 17 18 19 19 19 20 21 22 22 22 22 22 22 22 21 21 21 22 21 22 22 22 22 22 23 23 23 22 22 22 22 22 22 21 20 21 
10 13 13 13 14 14 13 13 14 14 16 16 16 17 17 17 16 16 16 16 17 17 15 15 15 15 14 14 14 14 14 12 13 14 14 14 14 14 14 15 15 15 15 15 15 16 16 16 16 15 15 15 15 15 16 15 16 18 17 17 18 18 18 18 18 18 17 17 16 15 17 17 18 15 16 16 16 15 14 15 15 14 14 14 14 14 14 14 13 15 15 15 15 15 15 15 14 14 14 14 13 
10 13 14 15 15 16 16 18 17 16 17 18 18 18 17 17 18 19 19 19 19 19 20 20 20 20 20 20 20 20 20 19 20 20 20 19 19 20 20 20 20 20 19 19 21 20 21 20 20 20 21 21 21 21 21 21 21 20 20 20 21 21 21 20 21 21 21 21 20 20 20 19 19 19 19 19 19 19 20 20 20 20 20 20 20 20 19 18 18 18 17 18 18 19 20 21 21 20 20 20 21 
10 13 14 14 14 14 15 14 14 14 15 15 16 16 16 17 18 18 18 18 18 20 20 20 20 20 19 21 19 19 20 20 20 20 20 21 21 20 21 21 21 20 20 21 22 22 22 21 21 21 21 21 21 20 20 20 20 20 20 20 19 21 21 21 21 20 20 21 20 20 20 20 21 20 20 20 19 17 18 19 20 20 20 19 18 20 20 20 20 21 21 21 21 20 20 20 21 21 21 21 21 
10 11 12 12 14 16 16 16 17 18 17 18 19 17 15 17 18 17 17 18 18 18 18 18 18 19 19 19 19 18 18 19 20 20 20 20 20 20 20 20 20 18 19 19 19 19 20 20 21 21 21 21 20 20 20 20 20 21 20 18 19 19 19 19 19 18 17 18 19 19 19 19 19 19 19 18 19 19 19 19 19 19 20 19 19 20 20 20 20 20 20 20 20 20 20 20 20 20 20 18 18 
10 11 12 13 13 14 13 12 13 14 14 14 15 15 16 16 17 17 16 16 16 16 17 17 17 17 16 17 18 17 17 18 19 19 19 19 19 19 19 19 19 20 20 20 20 20 19 18 19 19 19 19 18 19 19 18 19 19 20 20 20 20 20 19 19 19 20 19 18 18 19 19 19 19 19 20 18 20 21 21 21 20 20 20 20 20 19 19 19 21 22 22 21 21 20 20 21 21 20 21 21 
10 13 15 16 16 16 17 15 15 15 16 18 17 16 17 16 18 18 17 17 19 19 19 20 20 20 20 20 20 20 20 20 18 18 19 20 20 20 20 20 20 20 19 20 21 21 19 20 20 20 20 20 20 19 17 17 17 17 17 17 16 16 15 17 16 16 16 18 17 19 19 19 21 21 21 21 22 22 22 21 22 22 22 21 22 22 21 21 21 21 20 21 23 23 23 23 23 23 23 22 22 
10 11 12 13 14 14 15 15 16 16 16 17 19 19 19 18 19 19 19 19 19 19 19 20 20 20 20 20 20 20 20 20 20 20 20 20 19 19 19 19 19 19 19 20 20 20 20 20 20 20 19 19 19 20 20 21 20 20 20 20 20 20 20 19 20 20 20 20 20 20 19 19 20 20 20 21 20 19 19 20 19 18 19 19 19 19 19 19 19 18 18 18 18 18 16 15 15 16 18 19 20 
10 12 16 15 14 15 15 16 14 14 14 14 16 15 14 15 16 16 15 15 15 15 16 16 16 16 15 15 15 16 17 18 17 17 17 17 17 16 16 15 16 16 15 15 15 15 14 14 16 16 16 16 16 15 15 15 15 15 15 15 15 15 15 15 14 14 14 14 14 14 14 14 14 14 14 13 13 13 12 13 13 13 13 13 14 14 14 14 15 15 15 16 16 16 16 16 16 17 16 17 17 
10 11 13 13 13 14 14 14 15 15 17 17 17 17 17 17 16 16 16 16 16 16 16 15 16 16 17 17 17 16 16 16 17 17 18 19 19 19 19 19 19 19 19 19 18 19 19 19 19 19 20 19 19 19 19 19 18 19 18 19 18 18 18 18 18 18 18 17 17 17 17 17 16 16 17 17 16 17 17 17 18 18 17 18 18 18 16 17 18 18 19 21 21 21 21 21 21 21 21 22 22 
10 12 12 11 13 14 15 15 15 15 15 16 15 15 14 14 15 15 15 15 15 14 14 14 14 15 15 15 15 15 15 14 14 13 13 13 11 10 11 13 13 13 13 13 13 13 12 14 15 15 15 16 16 16 16 16 16 17 16 17 17 17 17 17 17 17 18 18 18 18 18 18 18 18 18 15 16 16 16 16 16 16 16 16 15 15 15 15 15 15 15 14 13 14 14 14 15 15 14 14 14 
10 12 12 12 13 13 14 15 16 16 17 17 17 17 17 17 17 17 16 16 16 15 15 17 17 17 17 17 16 16 16 16 16 15 15 15 15 15 15 15 16 16 16 15 15 15 14 14 16 16 16 15 15 15 16 16 16 16 16 16 16 16 16 17 17 17 17 17 17 17 16 15 15 15 15 15 16 15 15 16 15 16 16 16 16 16 17 17 17 16 16 16 16 15 15 15 15 15 15 15 15 
10 14 15 15 15 15 14 15 15 15 15 15 15 15 15 15 16 16 17 17 17 17 16 16 17 17 17 18 19 19 18 18 18 17 18 18 18 17 16 15 15 14 14 14 14 13 14 14 14 15 15 15 15 15 14 14 15 15 15 15 14 14 14 13 15 15 16 16 17 16 15 16 16 16 17 17 17 17 16 17 17 17 17 17 17 17 17 17 17 17 17 17 17 17 17 17 17 18 18 17 17 
10 11 11 13 13 14 15 16 16 16 16 16 16 15 16 16 16 16 16 16 16 16 16 16 16 15 15 15 14 13 13 12 14 15 16 17 17 18 18 17 18 17 16 18 18 18 18 18 15 15 15 16 17 17 17 17 16 16 17 17 17 19 19 19 19 19 20 20 20 21 21 21 21 21 21 21 21 20 20 20 20 20 20 21 21 21 21 21 20 20 20 20 20 20 20 20 20 20 20 19 19 
10 12 12 13 15 15 14 15 15 15 15 17 17 17 17 17 17 17 17 18 18 18 18 18 18 18 17 18 18 18 17 19 19 19 19 19 19 19 19 19 20 19 17 19 19 20 20 20 20 20 20 19 19 19 19 19 20 20 19 18 18 17 17 20 20 20 19 19 19 18 18 19 19 19 18 18 19 18 17 17 17 17 18 18 17 18 18 18 18 19 19 19 19 18 17 16 16 16 16 16 16 
10 11 15 16 16 18 18 18 17 17 19 19 19 19 19 19 19 20 19 20 20 20 20 20 20 20 20 20 20 19 19 19 19 19 19 18 18 17 18 19 19 20 20 20 20 20 20 20 20 20 19 19 20 19 19 19 20 20 20 20 20 20 21 21 21 21 21 20 20 19 18 19 19 20 20 20 20 21 21 21 21 21 19 20 20 20 19 19 19 19 20 20 18 20 20 20 20 19 19 20 20 
10 11 12 12 13 14 14 13 13 16 16 14 14 15 16 16 17 16 15 15 16 16 16 16 16 15 15 16 16 17 17 17 16 16 16 16 17 18 17 16 16 15 14 15 14 15 15 16 16 14 16 16 16 16 15 16 16 16 16 16 16 16 16 16 16 15 14 14 14 15 15 14 14 14 15 15 15 15 15 15 15 15 15 15 15 15 15 15 14 15 16 16 16 15 15 15 14 16 16 15 15 
10 10 11 13 13 13 13 13 13 13 13 15 14 16 16 15 15 15 15 15 14 14 14 14 14 14 13 14 15 15 15 15 16 16 16 15 15 16 16 16 16 16 16 16 16 16 15 15 15 14 13 13 13 12 13 13 13 13 14 14 14 14 14 14 14 14 16 15 14 14 14 15 16 15 15 15 15 16 16 16 16 16 16 16 16 16 17 17 17 16 16 16 16 16 16 17 15 15 14 14 14 
10 11 12 13 13 15 15 17 16 17 16 17 18 19 19 19 19 19 19 18 18 19 19 19 20 21 21 22 21 21 21 21 21 21 21 21 21 21 21 21 22 22 22 22 22 21 21 21 21 21 21 21 21 21 22 23 23 22 22 22 22 22 22 22 22 22 22 22 23 23 23 23 23 24 24 24 23 23 23 23 23 23 23 22 21 21 21 21 21 21 21 20 20 20 20 20 20 22 22 21 21 
10 11 11 11 13 12 13 14 13 12 14 15 16 15 15 14 14 14 15 14 15 15 15 15 15 15 15 15 15 14 14 14 14 15 15 15 15 15 15 15 15 15 15 13 13 14 14 14 14 13 14 15 14 15 15 15 15 15 15 15 15 15 15 15 15 15 15 15 14 13 12 16 16 16 16 15 15 15 14 13 12 12 13 12 13 13 13 13 14 14 14 14 13 13 14 14 13 13 13 13 13 
