time / h	Ab42_rep1_5uM	Ab42_rep2_5uM	Ab42_rep3_5uM	Ab42_rep4_5uM	Ab42_rep1_4uM	Ab42_rep2_4uM	Ab42_rep3_4uM	Ab42_rep4_4uM	Ab42_rep1_3.5uM	Ab42_rep2_3.5uM	Ab42_rep3_3.5uM	Ab42_rep4_3.5uM	Ab42_rep1_3uM	Ab42_rep2_3uM	Ab42_rep3_3uM	Ab42_rep4_3uM	Ab42_rep1_2.5uM	Ab42_rep2_2.5uM	Ab42_rep3_2.5uM	Ab42_rep4_2.5uM	Ab42_rep1_2uM	Ab42_rep2_2uM	Ab42_rep3_2uM	Ab42_rep4_2uM	Ab42_rep1_1.75uM	Ab42_rep2_1.75uM	Ab42_rep3_1.75uM	Ab42_rep4_1.75uM	Ab42_rep1_1.5uM	Ab42_rep2_1.5uM	Ab42_rep3_1.5uM	Ab42_rep4_1.5uM	Ab42_rep1_1.35uM	Ab42_rep2_1.35uM	Ab42_rep3_1.35uM	Ab42_rep4_1.35uM	Ab42_rep1_1.1uM	Ab42_rep2_1.1uM	Ab42_rep3_1.1uM	Ab42_rep4_1.1uM
0	3831	3741	3777	4030	3706	3776	3697	3594	3624	3797	3887	3749	3881	3907	4116	3990	3729	3699	3924	3608	3777	3730	3836	3790	3814	3736	3655	3782	3768	3663	3797	3714	3927	3718	3977	3739	3810	3688	3904	3660
0.095278 3569 	3569	3319	3282	3442	3365	3354	3352	3386	3411	3567	3582	3504	3457	3540	3525	3580	3469	3423	3574	3313	3467	3395	3494	3458	3480	3393	3490	3525	3447	3418	3398	3337	3678	3427	3711	3592	3502	3465	3541	3388
0.19056	3607	3349	3208	3439	3360	3250	3295	3353	3429	3318	3319	3269	3333	3269	3492	3401	3471	3336	3565	3326	3388	3356	3323	3350	3400	3314	3228	3327	3416	3339	3272	3350	3446	3279	3477	3380	3548	3342	3517	3290
0.28583	3597	3339	3381	3472	3368	3251	3182	3255	3300	3444	3360	3338	3296	3408	3424	3502	3286	3308	3353	3291	3230	3239	3298	3320	3307	3292	3337	3273	3332	3367	3330	3288	3458	3250	3486	3435	3378	3343	3576	3252
0.38111	3958	3609	3418	3739	3351	3380	3355	3355	3327	3376	3271	3307	3287	3309	3509	3473	3304	3261	3382	3278	3252	3198	3294	3250	3393	3258	3307	3318	3350	3216	3388	3248	3511	3201	3295	3411	3251	3322	3346	3267
0.47639	4760	4346	4294	5242	3451	3521	3520	3603	3406	3575	3309	3329	3364	3380	3309	3485	3425	3253	3471	3288	3264	3278	3226	3275	3370	3225	3270	3291	3417	3164	3202	3175	3525	3132	3357	3326	3363	3179	3288	3353
0.57167	7030	6615	6317	8178	4115	3958	4117	4352	3614	3806	3535	3473	3341	3460	3507	3494	3301	3325	3443	3348	3199	3158	3305	3287	3366	3277	3214	3262	3294	3234	3139	3150	3467	3230	3444	3373	3334	3269	3261	3341
0.66694	11659	10995	10190	13107	5685	5059	5402	6109	4305	4735	3946	3824	3530	3606	3665	3561	3340	3441	3533	3318	3288	3317	3408	3222	3319	3259	3203	3238	3244	3218	3201	3153	3397	3252	3435	3257	3305	3354	3303	3309
0.76222	18726	17207	16509	20744	7629	6798	7265	8125	5304	6074	4749	4685	3936	3988	4086	4099	3538	3422	3715	3512	3356	3413	3354	3269	3295	3319	3131	3238	3232	3303	3307	3248	3399	3188	3378	3437	3219	3242	3439	3256
0.8575	25895	24453	23616	28743	10545	9380	10205	10900	6881	7590	5943	5749	4513	4565	4677	4984	3676	3700	3963	3794	3376	3434	3403	3425	3292	3402	3352	3207	3248	3211	3220	3281	3382	3246	3419	3328	3294	3305	3345	3213
0.95278	31346	30316	29058	33518	14247	12843	13882	15095	8656	9855	7624	7422	5259	5467	5564	6172	4067	4150	4322	4150	3355	3453	3525	3419	3385	3351	3347	3401	3339	3305	3277	3355	3424	3180	3458	3298	3360	3252	3422	3281
1.0481	35182	33732	32661	36194	18607	16802	18169	20297	10905	12276	9802	9475	6691	6637	6703	7586	4544	4666	4875	4572	3640	3627	3607	3496	3421	3302	3520	3365	3340	3391	3286	3327	3463	3128	3422	3289	3399	3239	3314	3259
1.1433	36978	36518	35366	38323	22930	20492	22300	24277	13892	14986	12294	12173	8094	8149	7953	9393	5416	5299	5377	5496	3704	3801	3700	3619	3540	3673	3444	3442	3313	3430	3392	3431	3514	3286	3352	3372	3285	3229	3394	3313
1.2386	38379	37785	36678	39576	25818	23929	24875	27341	16748	18149	14926	15201	10006	10006	10102	11228	6289	6251	6332	6370	4116	3994	3887	3849	3620	3724	3668	3736	3388	3606	3574	3459	3544	3190	3374	3413	3366	3281	3375	3311
1.3339	39605	38746	38359	40443	27738	26083	27402	28922	19801	20861	17943	17946	12165	11993	12203	13480	7289	7226	7424	7466	4259	4245	4186	4227	3818	3843	3949	3966	3473	3649	3495	3550	3441	3299	3517	3393	3359	3260	3383	3327
1.4292	39712	39120	39022	41251	28956	28143	28884	30096	21986	22942	20193	20377	14832	14352	14366	15772	8474	8489	8789	8731	4575	4606	4612	4483	4178	4182	3955	4143	3726	3834	3631	3708	3523	3193	3592	3369	3280	3268	3400	3244
1.5244	40362	39892	39711	41723	29997	29506	29762	30352	23877	24692	22265	22066	17098	16760	16754	17871	9894	9998	10209	10202	4991	5064	5051	4873	4448	4426	4417	4376	3898	3969	3798	4010	3551	3297	3627	3549	3376	3339	3465	3270
1.6197	40984	40219	39995	42066	30707	30596	30774	31107	25230	25917	23844	23899	18700	18756	18497	19736	11536	11438	11887	11980	5476	5557	5497	5187	4650	4699	4666	4789	3909	4185	4004	4049	3614	3326	3604	3591	3437	3296	3358	3307
1.715	41255	41511	40250	41873	31113	31104	31370	31492	26336	26953	25595	25157	20741	20321	20271	21251	13039	13120	13423	13731	6066	6243	6116	5797	5212	5245	5116	5152	4150	4316	4167	4309	3658	3334	3712	3642	3400	3396	3336	3266
1.8103	41710	41426	40587	42487	31474	31987	32117	31499	27449	27495	26450	26162	22048	21637	21736	22641	14553	14558	14749	15347	6623	6999	6796	6151	5564	5744	5666	5596	4373	4625	4388	4407	3791	3449	3861	3801	3391	3283	3456	3381
1.9056	41847	41514	41401	42680	32324	32037	32628	31915	27799	28136	27375	27046	23365	23029	22783	23900	15680	16036	16074	16308	7517	7702	7357	6849	6038	6177	6183	5978	4619	4934	4698	4866	3872	3619	3954	3703	3512	3366	3512	3299
2.0008	41895	41869	41564	42738	32410	32616	32339	32417	28034	28480	28274	27400	24239	24154	23898	24242	17256	17467	17347	17543	8276	8453	8248	7489	6349	6689	6737	6654	5074	5167	4989	5241	3850	3517	4102	3800	3566	3301	3386	3322
2.0961	42516	42287	41774	43331	32727	32762	32903	32582	27985	28751	28561	27895	24776	24866	24579	24887	18405	18309	18134	18292	9108	9536	9113	8272	7198	7571	7199	7172	5228	5641	5390	5639	3900	3678	4206	4055	3528	3374	3380	3309
2.1914	42578	42475	42114	43243	32621	32833	32876	32929	28681	29198	28890	28134	25091	25336	25204	25683	19353	19083	19163	19240	9780	10205	10023	9130	7791	7930	7795	7784	5820	6090	5740	6095	4092	3775	4492	4052	3429	3475	3524	3290
2.2867	43035	42999	42192	44089	32760	32924	33330	33269	28410	29340	29075	27852	25831	25828	25771	26332	19702	20143	20050	19819	10704	11234	10746	9696	8441	9024	8756	8537	6041	6443	6193	6371	4281	3922	4515	4182	3464	3596	3435	3357
2.3819	42653	42821	43105	44441	32754	32807	33172	33676	28625	28880	28939	28212	26091	26285	26249	26812	20693	20556	20318	20972	11778	12094	11973	10373	8886	9555	9276	9166	6770	7198	6639	6890	4333	4095	4683	4497	3518	3598	3540	3316
2.4772	43463	43507	42708	44851	32689	33355	33360	33489	29007	29118	29479	28499	26362	26542	26848	27254	21282	21173	21385	21056	12569	12923	12709	11325	10150	10299	9913	9869	7058	7416	7124	7213	4535	4393	5064	4408	3689	3601	3557	3351
2.5725	43442	43536	42627	44731	32640	33065	33798	33931	28634	29334	30046	28546	26978	26984	26440	27020	21716	21772	21168	21355	13484	13675	13555	11790	10711	10953	10723	10799	7775	7988	7611	7897	4610	4613	5256	4787	3685	3801	3656	3549
2.6678	43737	43980	43106	45006	33130	33648	34189	33391	28519	29584	29910	29065	26942	26968	26820	27186	22242	22345	21703	21899	14373	14598	14595	12590	11175	11272	11123	11318	8199	8596	8086	8467	4721	4713	5539	4967	3813	3798	3628	3394
2.7631	43735	43792	43235	45815	33606	33496	34297	33795	28756	29721	30544	28943	27208	27132	27132	27418	22537	22348	22440	22312	15328	15484	15023	13344	12026	12426	12029	11987	9000	9033	8598	9141	5056	5054	5824	5210	3989	3993	3591	3475
2.8583	44188	44317	44080	46238	32944	33392	34231	33810	29501	29878	30141	28945	27216	27223	26949	27081	23129	22647	22120	22564	15568	15927	15921	13812	12384	13218	12592	12508	9415	9661	8996	9674	5167	5345	6083	5345	3984	3960	3780	3497
2.9536	44509	44076	43891	46184	32748	33379	33929	33598	29236	30231	30103	29184	27065	26984	26992	27133	23082	23055	22459	22850	16592	16794	16660	14217	13122	13598	13140	13175	9778	10190	9738	10277	5479	5546	6520	5707	4103	4127	3855	3603
3.0489	44493	44349	44212	46548	33232	33756	34382	33903	29368	29895	30159	29464	27081	27225	27436	27061	23000	23518	22901	23030	17322	17300	17282	14787	13899	14045	13834	14071	10323	10395	9988	10484	5778	5794	6954	5746	4106	4338	3954	3575
3.1442	45270	44613	44362	45790	33095	34028	34228	33392	29080	30071	30316	29512	27024	27417	28191	27121	23364	23252	23000	22762	17589	17906	17862	15512	14426	14976	14288	14214	10874	11071	10813	11060	5785	6194	7209	6028	4241	4413	4013	3797
3.2394	45287	44558	44732	46348	33119	34572	34444	33691	28421	30135	30507	29575	27336	27144	28082	27201	23663	23512	22909	23241	18021	18582	18399	15997	15001	14782	14956	15021	11394	11612	10964	11533	5928	6549	7650	6418	4592	4564	4078	3781
3.33	45771	45762	44850	47015	33428	34939	35752	33873	28942	29996	30329	29918	27890	27750	28201	27364	23915	24207	23871	23487	18963	19248	18791	16603	15367	15727	15609	15829	12170	12327	11951	12346	6141	6943	8038	6398	4762	4841	4256	3969
3.4253	46477	45937	44880	47644	34139	35310	35334	35090	29399	30099	30707	29733	27849	27593	28605	27241	23924	24201	24125	24084	19294	19356	19520	17239	16088	16395	15906	15861	12684	12995	12441	13025	6478	7421	8274	6746	4941	5115	4332	4046
3.5206	46235	45883	45232	47527	34493	34962	35517	34880	29520	30325	30716	29596	27687	27546	28540	28001	24122	23932	23791	23802	19919	20352	19734	17734	16851	16718	16628	16735	13237	13190	13129	12992	6668	7605	8707	6983	5027	5236	4658	4339
3.6158	46584	46226	45549	47954	34500	35308	35736	34884	29557	30434	30414	30026	27952	27396	28151	27489	24158	24259	23843	24064	20091	20344	20019	17964	17319	17353	17103	17312	13688	14087	13585	13780	6932	8214	9199	7119	5249	5508	4804	4267
3.7111	46399	46192	46118	48526	34456	35496	35828	34836	29773	30453	30729	30109	27833	28011	28169	27833	24079	24485	24057	24216	20424	20936	20303	18188	17674	17803	17575	17504	14209	14837	13892	13895	6813	8458	9582	7733	5451	5587	4932	4425
3.8064	46478	46551	46003	48528	34645	35186	36257	34752	29895	30283	30637	30105	27539	28010	28245	27305	24129	24440	23819	24189	20813	21163	20768	18252	17980	18013	17779	17796	14452	14479	14049	14715	7565	8826	9883	7831	5620	5744	5203	4514
3.9017	46538	46084	46161	49042	34813	35820	36007	35066	29844	30466	30541	30318	27781	27681	28682	27252	24530	24321	23804	24179	21580	21273	20880	18590	18170	18276	17737	18245	14713	15408	14452	15158	7801	9164	10279	8358	5983	6069	5383	4757
3.9969	46776	46732	46187	48622	34795	35600	36045	34872	29852	30880	30569	30441	28004	27853	28605	27553	24650	24388	23762	24126	21498	21619	21432	18912	19062	18870	18517	18531	15194	15331	15305	15344	7896	9517	10605	8413	6168	6348	5489	4805
4.0922	46875	46802	46758	48917	35245	35735	35936	35110	30087	30677	30644	30285	28308	27956	28435	27295	24445	24482	23916	24283	21637	21908	21440	19161	19076	19022	18830	18518	15372	15839	15173	16106	8054	10019	10873	8575	6188	6651	5729	4972
4.1875	46920	46824	46936	48868	35030	35890	36174	34580	30046	30873	30888	30228	28149	27775	28690	27712	24536	24967	24024	24469	21895	21884	21492	19195	19919	19035	18659	19138	15914	16541	15359	16025	8120	10345	11310	8771	6467	6534	6051	5160
4.2828	47156	46683	46687	49459	35398	35705	36137	34936	30135	31278	31150	30176	28242	28224	28235	28562	24566	24479	24342	24010	21970	22083	21730	19609	20092	19564	18725	19332	16294	16085	15689	16380	8322	10692	11699	8809	6910	7190	6187	5233
4.3781	47433	46756	47169	48888	35554	36003	36300	34613	30506	31509	30972	30118	28687	28252	28449	28713	24469	24779	24001	24337	21950	22328	21747	19740	20061	19793	18846	19866	16592	16986	15908	16776	8582	11034	11964	9256	7121	7330	6444	5462
4.4733	47786	47211	47473	50259	35418	35905	36125	35688	30459	31341	30740	31190	28240	28433	28454	28888	24575	25122	23995	24512	22717	22451	21714	20013	20276	19920	19060	20204	16549	17157	16595	16764	8747	11155	12332	9631	7614	7925	6810	5867
4.5686	47902	47810	46898	49437	35618	36137	36435	35156	30529	31433	31214	30341	28530	28289	28890	28575	24827	24813	23834	24393	22288	22435	22169	20312	20568	19961	19693	20195	17020	16882	16597	16522	9381	11507	12767	9653	7694	8038	6951	5961
4.6639	47795	46918	47070	49557	35375	35750	36454	34966	30539	31518	30920	30574	28520	28578	28670	28719	24712	24621	24249	24392	22383	22465	22105	20296	20568	20252	19458	20580	17299	17743	16954	17254	9114	11835	12673	9902	7876	8225	7473	6088
4.7592	47640	47362	47864	50142	35859	36128	36387	34586	30415	31631	31007	30233	28530	28347	28611	28864	24779	24365	24179	24531	22831	23163	21974	20511	20932	20206	19683	20732	17884	17309	17323	17684	9656	12184	13496	10146	8247	8620	7375	6658
4.8544	48063	47000	47554	50330	35997	36267	36611	34903	30461	31818	30945	30814	28314	28546	29059	28982	24729	24444	24150	24271	22577	23142	22453	20465	20988	20669	19759	20993	17694	17641	16938	17587	9937	12303	13364	10231	8377	8918	7616	6586
4.9497	48139	47530	47825	50363	35431	36131	36435	35011	30372	31695	31165	30192	28317	27916	28623	29388	24816	24644	24169	24264	22665	23314	22415	20786	20832	20342	19982	20683	17855	17999	17424	17462	9994	12731	14042	10311	8945	9240	8152	7158
5.045	48159	47835	48326	50109	35969	36902	36574	34824	30464	31738	30913	30911	28257	28247	28871	29307	24704	24482	23886	24332	23103	22982	22553	20620	21152	20616	20224	20908	18029	18364	18019	18046	9836	12934	13907	10769	8884	9480	8323	7317
5.1403	48028	47471	48127	51005	36169	36096	36687	34756	30895	31727	31160	30952	28566	28093	28525	29482	24927	25023	23788	24370	22962	23628	22702	20985	21036	20996	20458	20950	18513	17951	17929	17843	9989	13135	14025	10777	9298	9840	8777	7498
5.2356	48504	48723	48430	50468	35962	36139	36827	35303	31009	31769	31378	30710	28259	27973	28885	29294	24712	24773	24079	24844	22912	23604	22496	21079	21419	21132	20448	20644	18592	18284	17898	18073	10158	13648	14390	10997	9460	10243	8828	7998
5.3308	48370	48374	48077	51292	36391	36356	36812	34600	31074	32099	31601	31403	28503	28367	29039	29006	24492	24346	24015	24497	22688	23557	22849	21056	21622	21031	20759	21159	18479	18674	17964	18954	10500	13995	14796	10987	10169	10174	9168	8314
5.4261	48715	48452	48242	50717	35791	36754	36931	35146	30803	31716	31619	30784	28604	28287	28700	29176	24612	24508	24484	24671	23047	23695	22649	21288	21400	21101	20585	21210	18446	18551	18250	18857	10657	14357	15102	11395	10012	10670	9584	8089
5.5214	48862	48828	48553	51119	35996	36641	36865	35607	30881	32259	31118	30934	28667	28447	28554	29526	24620	24560	24431	24827	23232	24013	22143	21081	21152	21014	20346	21271	18633	18445	18082	18453	10548	14303	14985	11478	10684	10607	9623	8029
5.6167	49018	48552	48837	51265	36401	36533	37041	34970	30820	32026	31083	31201	28771	28265	28633	29285	24550	24585	24108	24664	22864	23636	22383	21384	21483	20721	20797	21235	19165	19054	18715	19031	11237	14384	15122	11669	10399	11068	9883	8773
5.7119	49136	48689	48881	51759	36394	36673	36579	34851	31042	32028	31349	30789	28630	28175	28810	29424	24556	24297	24219	24549	23017	23553	22531	21367	21456	21100	20763	21287	19404	18383	18666	18584	11370	14527	15351	11728	10907	11323	9944	9101
5.8072	48397	48555	49111	51591	36710	36627	37193	35029	30845	32067	31738	31087	28693	28418	28179	29601	24164	24492	24461	24633	23630	23709	22585	21489	21441	21151	20948	21353	19230	19401	19303	18215	10970	14796	15621	11860	11072	11340	10410	9256
5.9025	49313	49104	48637	51747	36818	36552	37005	35197	31146	32407	31611	31011	28649	28242	28851	29452	24747	24342	24164	24570	23605	23825	22473	21256	22004	21354	20281	21852	19256	19293	18818	19027	11314	14747	15704	11881	11310	11733	10631	9518
5.9978	49156	48224	49000	51853	36399	36732	36995	35247	31302	32394	31765	30823	28627	28027	28603	29392	24321	24162	24451	24606	24013	23923	22907	21504	22471	21444	20925	21007	19730	19153	18478	19158	11347	14822	15833	12173	11580	11983	10966	9967
6.0931	49664	48921	49286	52047	36756	37103	36870	35205	31106	32542	31903	31033	28720	28221	28532	29688	24465	24276	24368	24864	23098	23712	22618	21280	22213	21535	20660	21448	19073	19459	18263	18935	11498	14917	15913	12212	11750	12119	10796	9723
6.1883	49551	49079	49094	51799	36471	36731	36928	35836	31163	32521	31524	31474	28319	28226	28328	29911	24213	24570	24064	24663	23571	24139	22517	21511	22531	21450	20692	21689	19819	19704	18314	19168	11637	15269	16114	12334	12215	11865	11407	10425
6.2836	49508	48972	49846	52039	36705	36572	37008	35523	31118	32708	31652	31399	28244	28395	28693	30048	24697	24987	24226	24870	23673	24310	22636	21451	22291	21513	20787	21816	19661	19293	19118	19758	11775	15933	15971	12065	11704	12401	11476	10323
6.3789	49324	49687	49669	51953	36714	36608	37641	35372	31204	32002	32014	31259	28354	28276	28931	30106	24766	24344	24293	24534	23550	24132	22513	21557	22473	21713	20752	21553	19698	19890	18651	19608	11946	16001	16342	12187	11881	12380	11552	11248
6.4742	49415	49825	49340	51839	36706	36660	37394	35321	31473	33210	31593	31013	28338	28308	28719	30015	24374	24354	24560	25045	23668	23984	22199	21507	22489	21939	20700	21952	19951	19682	18934	19277	11833	15918	16533	12247	12021	12686	11865	10759
6.5694	49749	49732	48960	52193	37060	36877	37218	34991	30815	32826	31420	30986	28884	28323	28413	29840	24296	24109	24652	24764	23581	24215	22779	21669	22220	21904	20799	22025	19778	19359	18945	19036	11914	15928	16486	12341	12648	12476	11566	10802
6.6647	49988	49758	49472	52524	36611	37032	37433	34965	30978	32543	31598	30799	28496	28682	29026	30248	24382	24458	24257	25012	23934	24517	22344	21438	22153	22268	20741	21523	19465	19692	19327	19373	11902	15790	16243	12609	12719	12863	11989	11048
6.76	50089	49573	50168	52352	36587	37408	37592	35499	31179	33156	31409	30957	28680	28144	28782	30221	24485	24532	24186	24815	23181	24223	22700	20871	22518	21865	20829	21404	19778	19481	19437	19635	12132	15662	16606	12918	12647	12780	12232	11330
6.8553	49515	50077	50112	52274	36933	37228	37391	36049	31195	33225	31641	31627	28735	28583	28682	30074	24351	24430	24148	24566	23728	23753	22212	21078	22380	22215	21126	21840	19924	19969	19269	19239	12019	16265	16787	12758	13243	12988	12367	11550
6.9506	49916	49833	49766	51854	36690	37103	37129	35077	30977	32572	31930	30992	28786	28388	28463	30226	24577	24485	24229	24559	23685	24234	22628	21735	22436	22152	20902	21455	19876	19946	19136	19962	12047	16125	16755	12914	13640	12895	12429	11623
7.0458	49760	49985	49689	52097	36601	36872	37547	35251	31564	32220	31600	31140	28399	28341	28690	30238	24710	24387	24398	24616	23750	24285	22448	21860	22300	21963	20870	22018	19662	19831	19630	19616	11459	16478	16840	13147	13471	13148	12503	12237
7.1411	49720	49792	50236	52326	36834	36889	37560	34969	31257	32242	31628	31396	27995	28345	28698	30300	24517	24281	23950	24651	24067	24405	22437	21791	22387	21835	20415	21987	19508	19899	19356	19663	11944	16523	17164	12844	13972	13305	12636	12326
7.2364	50170	49773	50372	51837	36810	37147	37540	35421	31262	32579	31907	31120	28626	28340	28468	30244	24131	24668	24421	24807	24205	24294	23015	21740	22106	22063	20910	21944	20161	19493	19581	19896	12244	16914	17217	12769	13770	13628	12954	12169
7.3317	49986	49611	50418	52592	37217	36933	37515	35383	31301	32620	31768	30859	28540	28097	28379	30503	24501	24600	24237	25030	23979	24216	22172	21701	21907	21950	21034	21939	20238	20113	19343	20058	12093	16950	17414	13018	13523	13685	12706	12253
7.4269	49788	50252	50227	52283	36687	37472	37970	35360	31343	32788	31808	31265	28897	28351	28607	30291	24710	24094	24443	24941	23721	24245	22224	21565	21832	22051	21076	22171	20471	19883	19627	19463	12232	16945	17376	13017	13924	13401	12951	12874
7.5222	49862	49887	50566	52496	36972	37281	37994	35482	31127	32854	31476	31390	28541	28261	28484	30663	24510	24435	24265	24422	24545	24228	22743	21961	21707	21787	20946	22023	20335	19948	20025	20258	12439	16948	17203	12922	13710	13849	12798	12653
7.6175	49960	50314	50191	52080	37103	37400	37477	35494	31248	32792	31806	31376	28330	28108	28561	30370	24529	24162	24457	24705	24029	24506	22645	21656	22463	21239	20460	21708	19787	20442	19048	19559	12507	17198	17371	13190	13678	13640	13125	13322
7.7128	50408	50143	50670	52130	36782	37526	38039	35006	31527	32824	31745	31040	28414	28552	28573	30610	24583	24517	24245	24910	24212	24581	22372	21691	22548	21207	20742	21928	19802	19907	19327	20438	12562	17288	16994	13294	14414	13648	13099	12355
7.8081	50388	50952	50343	52263	37700	37294	38072	35236	31259	32848	31634	30929	28334	28179	28414	30547	24813	24413	24083	24813	24061	23788	22534	21591	22613	21512	20538	21642	20075	19449	19694	20087	12541	16926	17264	12773	13890	14090	13147	13408
7.9033	50064	50286	50229	52945	37274	37195	37544	35583	31383	32982	32072	31286	28712	28336	28119	30393	24663	24384	24345	24683	24504	25002	22529	21661	22189	22064	20175	21660	20511	20364	19678	20329	12256	17330	17342	13358	14115	13869	13573	13410
7.9986	50020	50274	49887	53308	37197	37323	38046	35284	31414	33283	31499	30966	28648	28358	28470	30917	24429	24286	24133	24782	24396	25180	22636	21841	21831	22152	20379	21301	20190	20265	20235	19928	12992	17307	17189	13192	14276	13643	13247	13661
8.0939	49937	49240	50462	53426	37509	37218	38130	34897	31266	32906	31733	31164	28689	28254	28848	30943	24423	24129	24182	25279	23799	24384	22284	21728	21335	22342	20264	21031	20054	19941	19872	19837	13260	17445	17400	13112	14605	14133	13502	13630
8.1892	50315	50385	50626	53557	37334	37461	37845	34897	31220	32540	31947	31401	28416	28379	28616	31105	24199	24181	24096	24841	24150	24403	22967	21691	21740	22311	20824	21480	20085	19660	19066	20180	12800	17676	17210	13336	14085	14002	13644	13955
8.2844	49809	50326	50079	52969	37026	37268	38207	35327	31085	32838	31732	31167	28499	28458	28636	30852	24456	24396	24209	25215	24559	24633	22676	21561	21692	22625	21092	21542	20021	19920	19398	20148	13068	17571	17439	13322	14603	14060	13379	13105
8.3797	50430	50728	50604	53171	37300	37281	37575	35088	31520	32903	31743	31429	28462	28190	28497	30509	24573	24907	23610	24971	24509	24569	22830	21817	22518	22242	20757	21875	20103	20938	19644	19758	12799	17005	17136	13190	14588	13938	13413	13963
8.475	49943	50036	50732	52977	37333	37304	38022	35761	31152	32781	31770	31304	28715	28476	28511	31126	24655	24447	24025	24696	24647	23943	22833	21779	22383	22131	20981	22111	19776	20077	19604	19634	12596	17007	17759	13468	14590	14195	13560	13990
8.5703	50437	50983	50357	53169	37417	37290	38133	35328	31460	32840	31931	31251	28462	28233	28412	31332	24379	24196	24052	24977	23967	24506	22912	21109	22035	21825	20395	21967	20264	20040	20105	20642	12342	17205	17566	13325	14668	14146	13584	13941
8.6656	50447	50538	50482	53320	36969	37702	38353	35893	31162	32865	31804	31388	28528	28490	28636	31079	24386	24165	24153	24808	24234	24461	22816	22115	22002	22296	20206	21494	20112	20102	19715	20133	12532	17190	17578	13612	14639	13946	13504	13724
8.7608	50899	50848	50782	52894	37361	37778	37647	34829	31605	33037	31749	31275	28475	28216	28764	31311	24291	24373	23962	24792	24487	24925	22501	21829	21970	22134	20526	21682	20276	19885	19625	20030	12357	17438	17658	13779	14834	14149	13907	13838
8.8561	50696	50561	50688	53292	37528	37514	37532	35234	31686	32716	31611	31630	29180	28639	28344	31018	24743	24611	24139	24999	24170	24760	22895	21486	21878	22020	20504	21598	20458	21338	19878	20356	12652	17270	17504	13849	14908	14719	13437	13692
8.9514	50769	50788	50597	52944	38029	37717	38452	35344	31567	32988	31838	30973	28655	28453	28772	31656	24587	24246	24006	24768	24149	24254	22835	21728	22077	22047	20885	21484	20005	19855	19640	19375	13362	17264	18001	13932	15232	14533	13795	13910
9.0467	50733	50412	50767	53513	37362	37538	38069	35466	31477	32905	31610	31552	28635	27954	28625	31199	24622	24278	24154	24814	24369	24743	22598	22016	22150	21772	21057	22044	20180	20056	19823	20715	13081	17396	17699	13392	15095	14605	13925	13824
9.1419	50537	50732	50528	53907	37158	37310	37942	35441	31198	32552	31928	31354	28303	28082	28837	31429	24399	24273	24281	24973	24602	24990	22711	21869	22377	21817	20635	21438	20613	20976	20514	19838	13297	17330	17296	13567	15497	14397	13889	14122
9.2372	50721	50678	50963	53395	37705	37782	38401	35691	31397	32772	31654	31273	28976	28216	28495	31187	24815	24187	23815	24622	24655	24191	22768	22244	22407	21667	20411	21855	20359	20147	20027	20611	13201	17424	17296	13614	15159	14342	14133	14584
9.3325	50895	50743	50797	53037	37350	37540	38596	35313	31753	33029	32118	31602	29017	28257	28356	31783	24423	24544	23922	24823	24428	23795	22748	22147	21968	21611	20522	22096	20430	20080	19899	20118	13418	17215	17508	13698	15228	14607	14135	14455
9.4278	50519	50856	51428	52968	37467	37942	38054	35417	31558	32533	32084	30968	28840	28221	28465	31568	24642	24237	23472	24939	24482	24404	22866	21972	22225	21823	20493	21976	20070	20392	20213	20531	13123	17176	17588	13462	14629	14350	14183	14137
9.5231	51071	51375	51072	53335	37833	37124	38053	35314	31761	32660	31627	31530	28879	28119	28420	31615	24123	24367	23943	24767	24381	24192	23182	21794	22549	22233	20840	21485	20328	20716	19950	19325	12962	17074	17804	13578	15931	14380	14437	14193
9.6183	51593	50196	51273	53514	37289	37691	37573	35175	31674	32869	31804	31512	28819	28258	28639	31684	24376	24184	23993	24787	24543	24556	22449	21885	22446	22476	20626	21691	20582	20798	19888	20346	13400	16926	17809	13690	15729	14525	14261	14508
9.7136	50860	50821	51354	53602	37726	37689	37709	35469	31452	32708	31932	31655	28611	28197	28529	31738	24216	24638	23809	24990	23860	24521	22969	21844	22179	22555	20689	21828	20324	19952	19594	20158	13153	16941	17346	13626	15852	14603	13937	14802
9.8089	51080	50696	51116	53552	37779	37439	37977	35096	31438	32873	31695	31636	28402	28166	28414	31338	24569	24012	23928	24954	24394	25088	22682	21968	22789	22690	20681	22239	20463	20375	19844	20694	12682	17487	17326	13619	15296	14792	14417	14252
9.9042	51074	50757	51139	53922	37339	37513	38113	35506	31785	33238	31998	31316	28733	28406	28187	32024	24093	24450	23919	24905	25001	24416	22667	22277	22607	22298	20768	22017	20498	20566	19568	20422	13297	17770	17518	13854	15417	14763	14169	15295
9.9994	50594	50576	51005	54278	37435	38110	38147	35157	31490	32872	31979	31706	28719	28343	28271	31460	24624	24120	23913	24948	24891	24099	22816	22095	22906	21641	20913	21803	21032	20681	20152	20399	12958	17747	17769	13794	15135	14570	14190	14789
10.095	50616	51235	51463	54381	37941	37737	37800	35315	31526	32740	31710	31837	28720	28253	28336	31715	24537	24196	23953	25022	25018	24762	23030	22167	22845	21239	20790	21552	20698	20363	20220	20126	13243	17799	17956	13601	15526	14306	14124	14642
10.19	51009	50520	51467	53660	38011	37539	38439	35302	31865	32887	31851	31441	28728	28161	28130	31483	24245	24420	23959	24819	25043	24046	23149	21728	22980	21396	20588	21888	20864	20352	20309	20228	13530	17758	17736	14332	14963	14551	14351	13876
10.285	50435	50819	51585	53761	37936	37748	38168	35036	31772	32975	32159	31447	28752	27873	28371	32024	24383	24459	24171	24861	24809	24744	22440	21956	22657	21657	20165	21861	20263	20609	19867	19839	13055	17147	17323	13729	15500	15014	13989	14481
10.381	51349	50404	51562	54228	38065	37576	38418	35443	31270	32512	31805	31344	28973	27924	28420	31924	24291	24335	23705	25115	25076	24821	22729	21923	22468	21922	20145	21815	20082	20401	19909	20782	13479	17333	17818	14069	15156	14461	14237	14839
10.476	51204	51201	51265	54235	37871	37696	37908	34902	32029	32884	32012	31595	28956	28160	28463	31542	24761	24263	23746	25164	24465	23896	22776	22133	21863	22160	20398	21757	20801	20102	20299	20330	12774	17261	17651	13894	15534	15135	14269	14559
10.571	50458	51183	51892	54249	37785	37794	38025	35386	31929	33156	32032	31539	28675	28103	27927	31465	24459	24311	23406	24969	24899	24380	23003	22102	22388	22561	20596	22013	20929	20613	20007	20176	12652	17531	17423	13452	15896	14414	14239	14758
10.666	50936	51199	51373	54042	37256	38104	38057	35115	31877	32993	31895	31466	28776	28082	28411	31509	24540	24312	23401	25072	24109	23961	22459	21208	21995	22872	20878	21695	20400	20764	19497	20095	13085	17335	16822	13912	15795	14786	14358	14796
10.762	51173	50660	51603	53736	38106	37702	38652	34998	31929	32694	31980	31349	28690	28248	28372	31818	24715	24340	23786	25008	24603	24128	23164	22154	22636	22533	20458	21834	20369	21534	20485	20313	12793	17385	17153	13890	16183	15065	14136	14494
10.857	51107	50675	52518	54447	37912	37556	38497	35741	31680	32993	31388	31618	29146	28012	28150	32099	24204	23757	23523	24980	24958	24473	22862	22231	22584	21662	20717	22078	20439	20179	20180	20264	13298	17498	17736	13761	15727	14812	14362	15202
10.952	51392	50937	51795	54424	37441	38125	38215	35537	31916	33166	32043	31428	28577	28106	28403	32444	24468	23932	23569	24775	24736	24459	22968	21790	22055	21401	21166	21978	20944	20941	19496	20258	13111	17236	17915	13216	15274	15161	14744	15001
11.048	51184	51169	51433	54052	38038	37880	38408	35444	32122	32812	31854	31038	28730	28351	28503	31694	24740	24249	23904	25142	24830	24506	22742	21930	22082	22300	20244	22081	21181	21792	20644	20974	12869	17463	18141	14218	15571	14813	14247	14947
11.143	51515	50447	51111	54007	38431	37900	38250	35366	31976	33054	31789	31386	29016	28149	28420	31909	24368	24125	23900	25289	25102	24435	22695	22044	22022	22037	20200	22002	20837	19912	20146	19856	13331	17334	17503	13478	15752	15023	13945	15066
11.238	50819	51425	51813	54773	38482	37852	38409	35720	32264	32826	31553	31312	28978	28154	28506	32077	24832	24087	24045	24868	24859	23969	22965	21982	22727	21933	20112	21567	20066	20864	19750	20667	13281	17545	17669	13428	15646	15049	14656	14895
11.333	51715	51278	51808	54647	37799	37646	38267	34908	32189	32868	31959	31469	28806	28512	28663	31958	24942	24285	23629	25132	24722	24577	22676	22132	22682	22199	19874	22129	21103	20697	20267	20500	13345	17660	17492	13761	15770	15122	14386	14645
11.429	51708	50889	52516	54133	38184	38056	38302	35311	32054	32727	32166	31679	28746	28412	28550	32197	24502	24501	23498	24781	25184	24658	22328	21624	22954	22255	20253	21879	19871	20347	19792	19874	13517	17003	17375	13550	15587	14917	14450	14941
11.524	51596	51468	52043	54858	38069	38043	38016	35894	31828	32693	31996	31930	29187	28162	28538	32616	24607	24404	23521	24698	24867	24133	22988	22006	22766	21849	19831	21836	20338	21419	20115	20718	12467	16807	17993	13152	16338	15139	14232	14619
11.619	51496	50662	52045	53528	37925	37974	38397	35547	32040	32941	31762	31520	29018	28600	28885	32316	24429	24294	23730	25045	24924	25184	22694	22188	22904	21781	20321	21999	20498	21536	20140	20814	13328	17244	17479	13881	15614	14951	14736	15068
11.714	52217	51293	51860	53750	37985	38105	38592	35623	32004	32631	31705	31438	28901	28095	28820	32648	24351	24446	23888	24749	24486	24865	22413	22680	22771	21933	20321	21850	20537	20185	20101	19952	13264	17308	17816	13741	15842	14910	14436	14757
11.81	51685	50997	51078	54229	38135	37976	38607	35621	32024	33044	32173	31732	28977	28371	28614	32495	24317	24575	23476	24824	24609	24557	22704	22142	22050	21931	20226	22328	20595	20961	20033	21248	12764	17196	17543	13789	15965	15227	14573	15094
11.905	51033	51608	51664	54341	38003	38221	38743	35637	31860	32963	32120	31708	29006	28297	28505	32492	24574	24263	23657	24807	24985	24481	22419	21780	22298	21571	20250	21610	20857	20906	19987	19839	13324	17227	17726	14207	16285	14788	14444	14769
12	52000	50762	51812	54449	38088	38373	38455	35715	32287	32700	32154	31611	28960	28538	28962	31894	24350	24110	23744	24611	25065	24545	22635	22256	22435	21680	20279	21479	20807	20825	20455	21213	13238	17405	17698	14072	15410	15193	14123	15223
12.096	51705	51152	51499	54813	37761	37859	38072	35886	31710	32981	31649	31831	29177	28165	28330	32675	24290	24062	23630	24957	24347	25035	22868	22112	22276	21620	20326	21647	21039	20824	20122	20171	13543	17037	18022	14086	16037	14903	14517	14887
12.191	51699	51050	51925	54567	38094	38325	38244	35611	31821	32820	31955	31564	29028	28474	28496	32730	24312	24403	23638	24491	24925	24431	22809	22621	22913	21827	20725	21995	20355	20940	20330	20988	13268	17513	18181	13415	16184	15096	14269	14913
12.286	51407	51460	51594	54627	38160	38336	38111	35746	31673	33085	32135	31570	28960	28282	28397	32685	24349	24120	23659	24887	24762	24377	22791	22525	22687	21910	20370	21742	20418	20056	20098	21346	12714	17460	17558	13788	15334	15049	14698	14816
12.381	51617	51149	51753	54749	38336	37947	38264	35933	32306	33027	31964	31811	29148	28161	28548	32622	24431	24404	23786	24774	24533	24477	23165	22257	22372	21906	20450	21397	20617	20497	20003	20948	13391	17748	17519	13780	16797	14948	14605	14776
12.477	51693	50782	51795	55163	37807	38132	38101	34854	31889	32998	31904	31709	28609	28163	28578	32513	24599	24426	23493	24598	24750	25020	22604	22007	22374	22156	20307	21436	20573	20869	20375	20269	12568	17293	17683	13885	15449	15056	14316	14699
12.572	51037	51464	51702	54236	38320	38033	38262	35417	32146	32909	32074	31425	28562	28048	28628	32847	24361	24340	23903	24433	24739	24652	22710	22370	21917	22112	20617	21782	20844	20273	20052	20526	13744	17041	17962	13665	16716	14678	14298	15571
12.667	51530	50730	52253	54054	37867	38675	37980	35058	32056	32888	31949	31343	28908	28271	28659	32343	24298	23858	23414	24501	25174	24765	22767	22284	22570	22084	20604	22246	20616	21614	20315	19988	13500	17321	17915	13991	15732	15385	14427	15171
12.762	51658	50873	52259	54598	37632	38422	38208	35339	31958	32953	32046	31658	28732	28397	28438	32629	24100	24091	23581	24925	24780	24272	22734	22509	22331	22085	20135	21830	21147	21126	20480	20288	13016	17545	17687	14418	16481	15241	14859	14720
12.858	51782	51103	52142	54324	38133	38173	38189	36264	31882	32723	31995	31713	28784	27918	28294	32941	24334	24039	23433	24711	24684	25090	22616	21862	22476	21947	20808	22277	20542	20587	20164	21025	13032	17299	17816	13723	15776	14991	14731	15054
12.953	50969	50785	51917	54886	38077	37931	38652	35979	32047	32863	31945	31659	28558	28269	28275	32554	24124	24023	23561	24692	25117	24376	22440	22441	21844	21992	20809	21694	20642	20616	19493	20742	13406	17331	18133	13639	16394	15319	14653	15286
13.048	51507	50689	52071	54976	38259	37993	37883	35594	32369	32747	31977	31770	28888	28104	28352	32917	24712	24188	23521	24319	24875	25769	22709	22744	22363	22367	20708	21655	20847	21673	20461	19161	12848	17573	17764	14221	16598	14777	14443	15182
13.144	51722	51188	51884	54822	38721	37894	38241	35672	31752	33066	32047	31480	29205	28273	28068	32387	24423	23942	23365	24299	25168	24927	22625	22571	22446	22242	20372	21019	20826	19929	20067	21787	13362	17563	17470	13826	15952	15487	14938	15037
13.239	51319	50991	51434	54802	37959	38094	38001	36065	31817	32701	31982	31391	28724	27737	28350	32875	24519	23905	23213	24527	25181	25041	22402	22586	22710	22060	20212	21798	21360	21164	20501	20624	13757	17209	17555	13568	16383	15074	14803	15886
13.334	51664	50843	52277	54608	38151	37680	38223	35900	31837	33230	31953	31309	28734	27991	28034	32303	24281	23971	23548	24727	25257	24547	22704	22354	22636	22085	20486	21898	20318	20377	19824	20804	13116	17021	17747	13826	16592	15234	14937	15142
13.429	51216	51065	51790	55000	38296	37844	38515	35687	32302	32855	31698	31558	28669	28202	28286	33006	24130	24027	23761	24595	25175	25185	22535	22010	23144	21863	20485	21847	20371	21169	20022	20217	13418	17210	17570	14038	16659	15052	14921	15010
13.525	52068	51086	51755	55076	38191	38297	38565	35387	31971	32769	32044	31369	28838	28009	28192	32935	24472	24127	23408	24621	24739	25022	22876	21896	22663	22052	20632	22198	20852	21046	20297	21007	13446	17391	17995	13861	16219	15298	14674	14578
13.62	51864	51115	52085	55199	38090	37722	37850	35587	31847	33025	31666	31780	28676	28178	28566	32708	24281	23991	23371	24391	24845	25414	22221	21893	22665	21673	20400	21528	20768	19888	20579	19761	12254	17378	17768	14044	16450	15076	14831	15389
13.715	51642	50908	52126	54798	38310	37866	38370	35435	31956	33127	31714	31643	29111	27990	28402	32588	24278	24204	23357	24275	24099	24492	22608	22322	22900	22146	20354	21543	20441	21795	20978	20540	13645	17632	17902	14688	16626	15370	14457	14873
13.811	51774	51326	51994	54913	38100	37845	38493	35569	32055	32788	31687	31779	28753	27916	28273	32923	24301	23957	23332	24818	24590	25651	22737	22913	22921	22104	20333	21832	20472	21674	20253	20093	13216	17196	17624	13720	15908	15549	14754	14896
13.906	52012	51169	51504	55402	38284	38131	38578	35547	32054	33000	31978	31728	29047	28188	28488	32570	24121	23896	23420	24528	24797	25031	22799	22448	22522	21844	20656	21662	20810	20903	19635	20638	13387	17239	17756	14295	16154	15114	15047	15320
14.001	51866	50331	52141	55154	38157	37737	38215	35804	32177	32863	31906	31492	29024	28227	28047	32940	24356	23603	23539	24425	24901	25312	22861	22598	22741	21833	19985	21700	21241	20675	20225	20300	12604	17127	18066	13959	16135	15448	14890	15458
14.096	51880	50419	52093	54889	38457	38012	38373	35892	31846	32878	31859	31692	28779	27952	28258	32990	24024	23870	23359	24642	25261	25014	22825	22209	22838	21573	19655	22096	20940	21250	20590	20806	12599	17489	18347	13831	16305	14928	15169	15060
14.192	51984	51142	51900	54775	38392	37885	38535	35637	31833	32808	32175	31476	28807	27961	28408	32973	24432	23892	23135	24336	25460	25014	22376	22200	22945	21763	20139	22233	20677	20518	20262	20400	13298	17015	17763	13770	15936	15178	14796	15846
14.287	51773	52013	51296	54558	38125	37999	37969	35827	31998	32860	32042	31604	29120	28145	28304	33135	24455	23817	23244	24733	24408	24687	22014	22459	22198	21311	20117	21662	21177	21132	20541	20654	12450	16839	17881	14594	16642	15194	14728	15090
14.382	51445	51097	52186	54527	38502	37652	38181	35558	32168	32305	32291	31330	29044	27932	28447	33017	24264	23815	23372	24252	25142	25091	22429	22315	22420	21816	20103	21747	20739	20103	20008	20396	13354	16624	17961	13460	16337	15578	14562	15296
14.477	51111	51127	51434	55448	37968	37919	38219	35494	31946	32733	32035	31386	28701	28489	28601	33244	24398	23457	22913	24462	25212	25146	22476	22192	22372	21810	20059	21747	20458	21204	20633	20884	12852	16898	17797	13945	15655	14951	14811	14924
14.573	51464	51023	52096	54835	37941	38316	38227	35373	32215	32941	31876	31735	28908	28083	28295	33094	24392	23618	23251	24153	24796	24949	22386	22430	21828	21416	20426	22423	20764	19995	20437	21111	13476	16956	17486	13680	16236	15189	15263	15040
14.668	51447	50868	51743	55069	37532	37916	38084	35866	32616	32702	32027	31519	28841	28209	28181	33012	24199	23772	23006	24589	24892	24423	22343	22325	22465	21691	20060	21787	20890	21500	19800	20283	12915	16996	17344	13848	16713	15586	14917	15274
14.763	51105	50662	51749	55164	38418	37939	38375	35741	32345	33256	32099	31361	28813	28163	28176	33294	24172	23860	23431	24630	24981	24909	22750	22149	22759	20816	20046	21770	20456	20734	20670	20632	13004	17191	17797	14100	16009	15441	14597	15499
14.859	51738	50977	51797	55108	38548	37554	38276	35679	32401	32839	32159	31676	29215	27902	28179	33238	24362	23915	23325	24604	25165	24432	22598	22052	22552	21130	19764	22039	20851	21458	20323	20273	13103	17206	17514	13884	15592	15477	14900	15151
14.954	51148	51366	52315	55205	38600	38030	38288	35643	32210	32986	31944	31516	28797	28052	28135	33278	24500	23863	22926	24372	25454	24228	22676	22200	22265	20981	20215	21902	20682	21489	20374	20780	13715	17175	17732	13913	15808	15872	14965	15426
15.049	51200	51242	52001	55422	38386	37473	37892	35658	31869	32653	32032	31684	28965	28597	28364	33139	24253	23899	22877	24540	25256	24730	22090	21950	22465	21435	20289	21800	20644	20802	20720	20465	13030	17019	17730	13752	15985	15186	14793	15688
15.144	51063	51546	51966	54776	38714	37708	38713	35783	32164	32997	31844	31284	28825	28258	28295	33425	24177	23661	22971	24061	25176	24989	22405	22288	22464	21697	20153	21809	20875	21282	20718	20276	12814	16988	17661	13792	16242	15398	14821	15125
15.24	51704	51720	51958	55887	38926	38125	38656	35843	32424	32742	32189	31542	28938	27942	28114	33372	24397	23654	22998	24090	25267	24814	22108	22346	22496	21379	20081	21656	20642	20741	19894	20781	13180	16960	18130	13780	15742	15410	14697	15189
15.335	51451	51415	52280	55265	38599	37742	37652	35754	32538	32885	32085	31629	28970	27804	28514	33299	24163	23456	22825	24574	25090	24849	21891	22168	22494	21312	19681	22122	20485	21075	20926	20557	13007	16403	17742	13286	15953	15312	15044	14997
15.43	51149	51362	52030	55159	38406	37596	38374	35416	32065	32863	32000	31472	28924	28028	28049	33133	24162	23955	23132	24258	25186	24631	21604	22120	22493	21486	19794	21698	21062	21149	19962	20132	13644	16470	17864	13701	16341	15430	14422	15025
15.526	51159	51236	51590	54814	38405	37655	38245	35445	32415	32885	32076	31815	28908	28141	27988	33524	24444	23769	23047	24415	25208	25183	22530	22218	22379	21453	19530	21736	20812	20729	19945	20700	13248	17043	17606	14038	16111	15202	14683	15340
15.621	51381	51461	52181	55395	38321	38098	37993	36170	32146	32594	32258	31778	28925	27790	28204	33395	24209	23238	23273	24252	25068	24213	22642	22412	22065	21739	19313	21814	19974	21268	20332	21143	13530	16799	17178	13675	16185	15216	14698	15646
15.716	51738	51221	52117	54446	38522	37444	38264	35730	32270	32834	32139	31290	29025	27931	28154	33203	24435	23780	23150	24251	25156	24837	22157	22173	22241	21963	19491	21666	21296	21204	20641	20431	13485	17192	17787	14103	16281	15327	14889	15429
15.811	51510	51553	52325	55729	38561	37758	38133	35989	32297	32892	32090	31531	28713	27961	28022	33598	24254	23342	22704	24324	25077	24579	22143	22185	22761	21584	19663	21744	20484	20615	20020	20621	13644	17112	17605	13396	16230	14978	14632	15300
15.907	51953	50943	51961	55400	38848	37881	38535	35786	32311	32919	32145	32115	29087	27933	28380	33619	24048	23763	22861	24212	25029	24607	22210	22633	22223	21593	19439	21685	20562	21659	20585	20163	13450	16956	17141	13528	16485	15126	14738	15173
16.002	51447	51026	51948	55839	38596	37953	38520	35865	32304	33002	31761	31903	28955	28037	28180	33690	24266	23644	22714	24495	24679	24671	22296	22242	22332	21743	19969	21664	20745	20521	20403	20774	13356	17186	17893	14227	15820	15530	15012	15279
16.097	51790	51328	51760	55320	38644	38058	38376	35764	32102	32784	32117	31317	28704	28028	27953	33153	23936	23763	22898	24072	24733	24690	22123	21983	22427	21203	19884	21638	20899	21442	20133	21447	13655	16860	17784	13585	16466	15360	14604	15403
16.193	52223	51616	51822	55344	38682	37620	38381	36332	32032	32989	32039	31564	29105	28147	28212	33384	24275	23925	22818	24358	25298	24569	22217	22304	22217	21396	19482	21813	20701	20218	20551	20998	12958	17206	17772	13705	15500	15581	14763	15392
16.288	52096	51181	52315	56236	38546	37497	37925	35901	32444	32660	32016	31851	28916	28134	28313	32977	24529	23971	23036	24279	25500	24367	22282	22329	22634	21472	19680	21240	20277	20764	20601	21443	12909	16888	17588	13803	15965	15174	14918	15894
16.383	51554	51152	51992	56120	38802	37826	38326	36016	32231	33195	31937	31655	29108	28111	27787	33470	24420	23687	22695	23954	24966	25166	22260	22558	22826	21405	19465	21526	20994	20389	19771	19982	13730	17019	17431	13674	15638	15194	14360	15402
16.478	51882	51165	52110	55433	38793	38269	38335	35923	32208	32670	31896	31594	28674	28173	27818	33700	24245	23713	23051	23916	25133	24843	21810	22084	22648	21556	19299	21421	20697	20804	20253	20895	13140	17067	17689	13917	16229	15481	14585	15271
16.574	51296	50965	52520	54860	38499	37942	38480	35574	32010	32825	31999	31547	28700	28241	28164	33627	23929	23530	22680	24284	25053	25013	21861	22051	22509	20815	19129	21551	20817	20816	20299	20510	13637	16606	18136	13689	15829	15068	14655	15314
16.669	51519	50745	52573	55045	39020	37768	37808	36008	32126	33227	32202	31528	28944	28339	28192	33677	24005	23663	22865	24238	25295	24613	22074	22209	22615	20952	19354	21472	20688	20533	20674	20856	13279	16780	17999	14055	16516	15505	14951	15736
16.764	51370	50699	51794	55068	38833	37230	37958	35927	32390	32932	32391	31610	28654	27718	28181	33764	24299	23571	22885	24214	25613	25267	22178	22246	22331	21056	19400	21427	20358	20667	20548	20022	13081	16585	17022	13308	15619	15166	14528	15954
16.859	51681	51023	52091	54921	38332	37643	38033	35742	32857	33198	31869	31379	28994	28312	28485	33744	23897	23678	22896	23973	25364	24813	22209	22074	21890	21098	19490	21036	20962	20588	19791	20342	12737	16556	17063	14038	15622	15212	14219	15521
16.955	51060	51384	52115	54985	38441	37663	38039	35855	32681	32987	32284	31424	28933	28195	28174	33635	24032	23776	22737	24292	25521	24569	22297	22237	21631	21453	19428	21288	20434	21114	20515	20789	13186	16645	17564	12942	16142	14718	14597	14923
17.05	50792	51075	52092	55191	38339	37546	38073	35692	32411	32875	32106	31904	28742	27869	28480	33492	24244	23587	22745	24157	25367	24406	22099	21963	22070	21766	19581	20910	20822	21198	19750	20551	13169	16533	17022	13854	16180	15149	14331	15447
17.145	51060	50771	52306	54804	38609	37804	38552	35812	32604	32892	31989	31653	28729	28021	27899	33673	24536	23722	22544	24362	25015	24310	22054	22258	21859	21342	19768	21186	20573	21282	20058	20881	13024	16564	17713	13737	15972	15675	14479	15588
17.241	51597	51515	52647	54947	38320	37784	37871	35984	32328	33280	32197	31619	28607	27877	28119	33556	24019	23741	22559	23962	25394	25110	21675	22527	22155	21675	19458	21234	20608	21054	20866	20322	12762	16315	17727	13551	15917	15175	14420	15428
17.336	51678	51774	52043	55301	38749	37894	38342	35993	32130	33025	32005	31287	28812	27845	27985	33587	24590	23672	22861	24594	25459	24387	21749	21898	22557	21158	19636	21476	20926	21170	20245	21148	13043	16528	16993	14007	15606	15291	14640	15085
17.431	51797	51800	52388	55412	38441	37712	38529	35691	32291	33143	32082	31413	28709	27797	28328	33810	24352	23692	22362	23859	25304	24476	22097	22071	22112	21426	19208	20941	20638	21157	20314	20529	13333	16285	17043	14198	16596	14962	14460	15267
17.526	51424	51533	51762	55802	39140	37901	38004	35776	32513	32865	31686	31951	28436	28112	28069	33624	24207	23347	22489	24169	24795	24288	21710	21842	22217	21261	19496	21536	20201	19777	20465	19923	13417	16445	16974	13666	16132	15119	14591	15327
17.622	52017	51557	52204	54813	38236	37596	37891	35812	32517	33153	32267	31842	28256	28037	27819	33990	24087	23294	22557	24360	24785	24629	21975	22216	22413	21197	19351	21033	20652	20226	20042	20318	13139	16254	17655	13824	15587	15722	14776	14756
17.717	51494	51166	52640	55622	39105	37746	37728	36318	32255	33235	32229	31617	28723	27996	27926	33580	24231	23553	22917	24302	24603	24856	22085	21885	22247	20974	18833	20725	20028	20867	19858	20402	12860	16084	17515	13777	16142	14980	14185	15918
17.812	51591	51056	52125	54987	38760	38163	38020	36038	32581	32881	31877	31591	28704	27940	28094	34261	24342	23230	22649	24006	24647	24484	21999	22197	22308	20767	19130	21319	20384	20995	20424	20104	13189	16413	17352	13500	16335	15407	14559	15479
17.908	51013	51198	52163	54914	38439	37945	38187	36215	32680	32798	32187	31971	28875	28208	28163	33945	24222	23356	22411	24175	24975	24880	21698	21905	21892	20952	19115	21104	20941	21124	19756	20931	12918	16138	17206	13681	15592	15268	14194	15288
18.003	51627	51086	51800	55583	38764	37834	38498	36142	32688	33067	31937	31423	28547	28236	28354	33774	24044	23337	22313	23881	25481	24910	22112	22076	21946	21024	18882	21030	20806	20521	20117	20486	13028	16491	16837	13782	15475	15218	14396	15603
18.098	51402	51581	52111	55863	38808	37681	38098	36539	32683	32926	32156	31422	29034	28136	28163	33611	24083	23277	22389	23919	25491	25058	21907	21839	21852	21082	18794	20795	20846	20406	20596	20756	13030	16577	16993	13335	15973	15508	14364	15470
18.193	51296	51593	52487	55845	38707	37847	37995	36080	32356	32843	31847	31805	28807	28113	27870	34053	24083	23259	22691	24154	25416	24860	21626	22249	22160	21075	19028	21093	20656	20524	19404	21025	13008	16349	16461	13407	15500	15081	14276	15945
18.289	51099	51650	52568	56078	38935	38129	38394	36108	32561	32759	31819	31762	28897	28295	28309	34293	24200	23457	22500	24076	25447	24588	21535	21831	21887	21394	19009	21090	20896	20823	19999	20228	13306	16518	17184	13536	16282	15221	14628	15192
18.384	51997	51156	52233	56041	38541	37683	38076	36284	32466	33246	31707	31522	28662	28127	27937	33971	24191	23441	22685	24175	25273	24122	21605	21909	22184	21150	18853	20887	20408	21002	20252	20213	13239	16216	17841	13405	15552	15022	14329	15614
18.479	51601	51042	51871	55474	38467	37640	38052	35793	32442	33024	31912	31455	28597	28062	27622	33983	24130	23524	22622	24229	25625	24387	21545	22286	22134	20984	18956	21132	20147	20644	19824	20949	13466	16143	17426	13196	16196	15451	14380	15397
18.574	51208	51310	52142	55527	38533	37957	38057	36116	32432	32831	32167	31706	28602	28203	27821	33753	23893	23730	22447	24163	25248	24446	21558	22166	21817	20808	19109	21382	20647	21174	20217	20123	12745	16073	17058	13671	16094	14926	14129	15906
18.67	50977	51060	52069	55555	38443	37668	38399	36140	32510	33137	31841	31717	28754	28236	27787	33829	23941	23180	22324	24186	24618	24839	21790	22181	21923	20811	19229	20968	20656	21173	20064	20967	13308	16078	17193	13388	16606	15152	14343	15782
18.765	50856	51513	52060	55195	38520	37715	38372	36135	32103	33369	31916	31537	29112	28063	27981	33842	24458	23651	22284	24036	25114	23831	21819	22067	22323	20475	19096	20585	20162	20264	20206	20734	13323	16006	17498	13274	15792	15211	14131	15740
18.86	51555	50896	52328	55543	38796	37941	37900	35990	32465	33214	32015	31335	28930	27925	27598	34030	24371	23250	22286	23785	25435	24371	21529	22225	22021	20443	18654	20768	20354	21118	20256	20245	12984	16272	17129	13415	16096	14995	14349	15893
18.956	51566	51309	52154	55739	38442	37881	38165	36211	32482	32732	31515	31764	28806	27834	27828	33719	24175	23306	21986	23865	25224	24141	21246	22062	22147	20414	18991	20968	21035	20736	19919	20817	13391	15466	17213	13336	15912	14956	14440	16025
19.051	51864	50807	52316	55470	38623	37979	38020	35986	32720	32990	31878	31949	28981	27844	27938	33961	24375	23699	22611	23825	25024	24437	21779	21927	22046	20835	19103	20391	20301	20128	20139	20409	12995	16014	17172	13361	16254	15185	13929	14866
19.146	52191	51078	52744	55886	38623	37966	38161	36112	32367	33207	31812	31306	28656	27892	27854	33994	24207	23307	22397	23993	24995	23714	21614	22159	22398	21043	18870	20873	20106	20671	19688	20981	13075	15942	16563	13398	16122	15063	14263	15071
19.241	51691	51282	51727	55549	39351	38020	37619	35898	32471	32946	32193	31440	28548	28099	27681	33997	24299	23134	22365	24003	25524	23991	21947	21933	22008	20906	18714	20714	20493	20342	19894	20281	12960	16094	17136	13460	15747	14787	14177	15493
19.337	51766	51369	52394	55567	38839	37944	37890	36532	32266	32946	32135	31522	29109	28174	27530	33973	24166	23544	22472	23853	25252	23815	21572	22219	21824	20590	18701	20986	20814	21091	19843	20690	13249	15704	17119	12831	16022	14882	14272	15541
19.432	51958	51149	51881	55615	38749	38109	38073	35789	31950	33311	32020	31597	28991	27598	28089	33943	24343	23405	22222	23661	25186	24627	21793	22123	21960	20690	18827	20819	20836	20415	20038	20523	13006	15918	16617	13318	15485	14902	14440	14578
19.527	51458	51147	52268	55540	38623	37707	37766	35983	32303	33336	31924	31588	28907	27760	27939	34037	24360	23364	22083	23982	25065	24232	21479	21721	21754	20698	18834	20819	20510	20967	19974	20473	12589	15729	17035	13059	15694	14924	14140	15906
19.622	51950	51038	52432	55985	38459	37977	38008	36098	32484	32975	31767	31318	28670	28307	27894	34086	24218	23680	22024	24279	24556	23981	21365	21807	21870	20767	18802	20695	20145	20978	19997	20553	12661	15962	17004	13378	15873	15079	14249	15682
19.718	51364	51323	52116	55204	38586	37505	38143	36032	32110	32914	31797	31455	28719	28392	27626	33924	24193	23300	22213	23645	24485	24372	21231	22326	21535	20441	18533	20668	20380	20342	20051	20332	12951	15759	16949	13424	15851	14840	14183	15732
19.813	51777	50985	52285	55712	38502	38026	37956	35862	32264	32685	31687	31458	29139	27861	27830	34074	24356	23433	22325	23595	25098	23767	21145	22062	21645	20873	18257	20823	19976	20672	20147	21106	12925	15716	16758	13316	16063	14957	14124	16062
19.908	51738	51272	52003	54972	38735	37652	38157	35947	32374	33129	32073	31420	28952	27933	27610	33720	23898	23170	22115	24002	24871	24277	21391	21827	21476	20626	18360	20723	20351	20425	19610	20100	13023	15714	16579	13155	16098	15003	13948	15464
20.004	51836	50821	52408	55963	38353	37239	38083	36221	32542	33119	31776	31596	28651	28099	27877	33998	24310	23489	22160	23787	25187	24239	21413	22011	21893	20727	18637	20489	20250	20466	19763	20318	12390	15825	16600	13254	15878	14841	14115	15192
20.099	51679	51313	52746	55780	38869	37808	37522	35910	32560	32968	31855	32006	28965	27875	28068	34318	24288	23568	22639	23847	25106	24381	21450	22128	21702	20658	18604	20744	20358	20814	19776	20665	12786	15655	16588	13211	15615	15151	13964	15991
20.194	51916	51028	52531	55514	38535	37480	37803	35609	32202	32691	31967	31301	28655	27796	27708	34011	23847	23413	22405	23764	25652	24582	21306	21755	21953	20296	18452	20762	20742	20289	20032	19899	12735	15612	16848	13205	15638	14944	13922	15228
20.289	51924	51183	52449	55598	39014	37737	37850	35907	32468	33190	31858	31589	28779	28039	27509	34368	24190	23225	22481	23844	24637	23983	21382	22088	22066	20406	18685	20705	19959	20386	19848	20341	12622	15969	16559	13417	15856	14676	14052	15579
20.385	51513	50938	52755	55873	38650	37743	37901	36461	32528	33177	31897	31174	28731	27876	27766	34268	24067	23278	22384	23744	25264	23952	20907	22295	21515	20284	18475	20755	20126	20238	20246	20684	12751	15775	16475	13323	15428	15030	14070	15677
20.48	51643	50899	52353	55917	39119	37393	37894	35814	32398	32959	31958	31374	28620	27666	27300	34254	24331	23180	21989	23573	24954	24064	21455	21968	21395	20432	18456	20418	20366	20817	19977	20396	12644	15792	16150	13364	15384	14843	13729	15423
20.575	51655	51162	52094	55717	38680	37944	38297	35808	32386	33064	31746	31483	28754	28079	27492	34114	24043	23536	21790	23840	25173	24191	21338	21696	21805	20659	18597	20727	20057	20006	19805	20381	12652	15439	16516	13356	15757	14829	14011	15891
20.671	51836	50871	52401	56134	38418	37276	37738	36243	32451	33183	31690	31633	28662	27942	27717	34308	24021	23301	22118	23881	25499	23866	21103	22093	21681	20333	18469	20536	20098	19992	19922	20324	12673	15195	16423	13311	15565	14644	13930	15769
20.766	51629	50841	52088	55823	38572	37750	37829	36169	32703	33367	31885	31438	28760	28268	27834	34268	24230	23457	22319	23775	25358	24289	21281	21792	21689	20480	18620	20452	20558	20518	19631	20469	12478	15071	16684	13245	15656	14785	13800	15606
20.861	51320	51023	52293	56118	38543	37696	37978	36025	32383	33064	32163	31759	28846	27934	27311	34510	24234	23394	21984	23616	24706	23989	21307	22207	21705	20323	18454	20634	20526	20409	19939	20128	12436	15334	16412	13070	15543	14572	13731	14822
20.956	51584	51161	51548	55717	38868	37608	37895	36044	32821	32823	31842	31267	28798	28105	27819	34298	23916	23382	22401	23476	24858	24212	21264	22113	21559	20373	18307	20539	20339	20035	19811	19693	12777	15347	16614	13043	15791	14806	13691	15268
21.052	51578	51330	51989	55729	39208	37719	37841	36228	32439	32896	31827	31383	28872	27921	27398	34035	24153	23276	22371	23597	24886	23771	20993	22081	21437	20767	18717	20862	20369	20306	19683	20229	12695	15162	16313	13196	15508	14948	13977	15509
21.147	51775	50719	52218	55893	38618	37764	37873	36002	32273	32908	31677	31197	28942	28423	27558	34594	24304	23191	22316	23970	25018	23769	20754	21745	21766	20651	18253	20600	20142	20694	19389	20264	12503	15571	16442	13321	15271	14729	13797	15408